*J⸮0.294
0.232
0.329
0.577
0.416
0.435
0.607
0.592
0.476
0.433
0.459
0.494
0.387
0.435
0.498
0.452
0.469
0.462
0.512
0.486
0.374
0.453
0.548
0.503
0.474
0.422
0.435
0.498
0.487
0.440
0.590
0.539
0.538
0.525
0.497
0.605
0.569
0.355
0.411
0.438
0.704
0.586
0.723
0.753
0.405
0.516
0.337
0.542
0.755
0.642
0.448
0.188
0.401
0.438
0.326
0.696
0.585
0.171
0.239
0.501
0.490
0.728
0.669
0.775
0.678
0.201
0.144
0.285
0.109
0.236
0.237
0.725
0.855
0.881
0.486
0.560
0.131
0.340
0.609
0.686
0.259
0.611
0.273
0.227
0.129
0.279
0.346
0.460
0.162
0.386
0.574
0.245
0.248
0.698
0.681
0.675
0.364
0.265
0.119
0.235
0.240
0.222
0.320
0.250
0.186
0.218
0.195
0.048
0.407
0.713
0.634
0.222
0.251
0.567
0.515
0.670
0.649
0.440
0.449
0.394
0.597
0.478
0.605
0.826
0.828
0.915
0.658
0.772
0.429
0.233
0.282
0.753
0.693
0.543
0.375
0.800
0.254
0.271
0.766
0.381
0.145
0.114
0.275
0.803
0.608
0.171
0.650
0.862
0.855
0.478
0.300
1.048
0.750
0.276
0.457
0.384
0.669
0.915
0.788
0.788
0.091
0.190
0.201
0.217
0.096
0.191
0.596
0.704
0.604
0.047
0.083
0.104
0.221
0.349
0.390
0.624
0.055
0.064
0.083
0.051
0.458
0.029
0.067
0.522
0.965
0.744
0.733
0.944
0.791
0.823
0.660
0.331
0.245
0.350
0.322
0.057
0.188
0.093
0.379
0.530
0.787
0.198
0.209
0.104
0.489
0.783
0.251
0.368
0.672
0.590
0.092
0.119
0.415
0.370
0.621
0.626
0.424
0.149
0.378
0.726
0.705
0.437
0.028
0.697
0.809
0.350
0.159
0.782
0.514
0.290
0.703
0.564
0.348
0.814
0.170
0.592
0.646
0.579
0.219
0.820
0.751
0.518
0.389
0.098
0.572
0.378
0.025
0.525
0.657
0.720
0.813
0.508
0.045
0.558
0.856
0.083
0.539
0.767
0.857
0.793
0.594
0.059
0.658
0.580
0.843
0.639
0.046
0.514
0.612
0.662
0.063
0.218
0.525
0.148
0.646
0.784
0.776
0.615
0.318
0.509
0.515
0.141
0.054
0.195
0.507
0.636
0.505
0.312
0.493
0.589
0.632
0.618
0.825
0.682
0.642
0.404
0.348
0.750
0.890
0.494
0.078
0.301
0.429
0.428
0.241
0.280
0.392
0.612
0.413
0.161
0.285
0.765
0.838
0.494
0.290
0.243
0.384
0.405
0.762
0.672
0.238
0.362
0.260
0.080
0.213
0.695
0.370
0.228
0.772
0.793
0.245
0.687
0.457
0.611
0.526
0.823
0.548
0.540
0.610
0.653
0.736
0.270
0.207
0.260
0.316
0.739
0.804
0.744
0.569
0.657
0.148
0.379
0.382
0.513
0.911
0.451
0.194
0.280
0.516
0.251
0.318
0.247
0.203
0.818
0.662
0.480
0.498
0.516
0.495
0.534
0.414
0.422
0.698
0.524
0.227
0.273
0.539
0.713
0.428
0.274
0.223
0.581
0.592
0.383
0.378
0.442
0.723
0.674
0.636
0.599
0.693
0.555
0.433
0.293
0.383
0.144
0.138
0.413
0.305
0.219
0.359
0.569
0.637
0.810
0.546
0.596
0.390
0.123
0.250
0.564
0.737
0.639
0.239
0.764
0.188
0.245
0.257
0.398
0.325
0.536
0.687
0.649
0.610
0.660
0.639
0.434
0.716
0.311
0.079
0.652
0.428
0.504
0.238
0.207
0.727
0.637
0.626
0.633
0.594
0.131
0.219
0.177
0.529
0.660
0.568
0.628
0.540
0.512
0.620
0.734
0.602
0.635
0.612
0.387
0.524
0.560
0.442
0.725
0.710
0.490
0.565
0.245
0.109
0.314
0.235
0.151
0.088
0.408
0.132
0.404
0.164
0.066
0.178
0.158
0.036
0.573
0.704
0.657
0.559
0.455
0.417
0.730
0.576
0.704
0.644
0.586
0.320
0.168
0.219
0.150
0.307
0.497
0.461
0.453
0.650
0.567
0.608
0.545
0.363
0.405
0.259
0.281
0.387
0.441
0.490
0.530
0.623
0.452
0.385
0.140
0.386
0.272
0.040
0.428
0.367
0.310
0.203
0.441
0.218
0.093
0.528
0.470
0.540
0.534
0.817
0.494
0.835
0.535
0.805
0.633
0.548
0.445
0.157
0.251
0.520
0.526
0.614
0.368
0.352
0.126
0.309
0.270
0.580
0.447
0.577
0.829
0.713
0.400
0.479
0.490
0.622
0.731
0.550
0.589
0.745
0.376
0.581
0.501
0.875
0.588
0.505
0.630
0.569
0.714
0.619
0.602
0.218
0.289
0.311
0.241
0.418
0.116
0.439
0.369
0.663
0.556
0.579
0.091
0.187
0.166
0.335
0.515
0.465
0.591
0.571
0.126
0.498
0.606
0.239
0.477
0.078
0.372
0.311
0.385
0.291
0.340
0.683
0.677
0.715
0.561
0.612
0.314
0.591
0.282
0.627
0.439
0.725
0.560
0.503
0.582
0.174
0.414
0.454
0.655
0.185
0.459
0.630
0.518
0.556
0.690
0.627
0.676
0.467
0.606
0.399
0.535
0.662
0.228
0.329
0.771
0.399
0.442
0.537
0.438
0.439
0.699
0.559
0.341
0.357
0.438
0.655
0.483
0.260
0.346
0.319
0.307
0.621
0.719
0.281
0.339
0.379
0.522
0.683
0.203
0.364
0.367
0.474
0.309
0.408
0.287
0.478
0.491
0.459
0.407
0.459
0.715
0.767
0.454
0.382
0.649
0.609
0.400
0.444
0.645
0.653
0.648
0.492
0.273
0.280
0.367
0.347
0.541
0.776
0.306
0.389
0.216
0.509
0.243
0.669
0.547
0.825
0.683
0.591
0.613
0.314
0.484
0.519
0.650
0.476
0.202
0.233
0.208
0.429
0.608
0.680
0.619
0.738
0.384
0.342
0.523
0.617
0.544
0.589
0.282
0.701
0.560
0.249
0.574
0.343
0.429
0.312
0.255
0.214
0.312
0.492
0.592
0.565
0.660
0.631
0.705
0.439
0.508
0.531
0.621
0.631
0.552
0.709
0.427
0.539
0.327
0.467
0.445
0.644
0.606
0.332
0.635
0.293
0.392
0.375
0.411
0.660
0.568
0.630
0.556
0.711
0.538
0.320
0.329
0.534
0.507
0.345
0.427
0.648
0.486
0.504
0.327
0.414
0.294
0.494
0.520
0.633
0.395
0.570
0.434
0.545
0.309
0.370
0.505
0.488
0.361
0.405
0.589
0.695
0.421
0.457
0.469
0.479
0.368
0.449
0.576
0.380
0.453
0.544
0.672
0.373
0.520
0.405
0.273
0.382
0.337
0.539
0.536
0.396
0.264
0.331
0.411
0.483
0.309
0.520
0.412
0.485
0.333
0.332
0.369
0.188
0.521
0.569
0.568
0.509
0.406
0.198
0.512
0.611
0.432
0.386
0.511
0.412
0.215
0.665
0.572
0.398
0.393
0.439
0.649
0.477
0.496
0.416
0.632
0.382
0.479
0.474
0.306
0.363
0.577
0.561
0.445
0.453
0.487
0.375
0.600
0.200
0.364
0.399
0.516
0.579
0.553
0.388
0.255
0.294
0.498
0.175
0.452
0.455
0.283
0.561
0.523
0.512
0.788
0.492
0.484
0.388
0.479
0.462
0.548
0.603
0.682
0.462
0.472
0.291
0.617
0.490
0.685
0.469
0.415
0.561
0.548
0.348
0.289
0.447
0.536
0.314
0.519
0.566
0.240
0.430
0.539
0.528
0.481
0.446
0.578
0.518
0.311
0.628
0.572
0.604
0.667
0.593
0.265
0.571
0.295
0.236
0.524
0.678
0.433
0.527
0.300
0.286
0.594
0.605
0.453
0.346
0.397
0.409
0.687
0.466
0.757
0.400
0.417
0.629
0.555
0.517
0.497
0.623
0.390
0.706
0.420
0.644
0.464
0.221
0.542
0.469
0.558
0.649
0.569
0.581
0.308
0.526
0.352
0.492
0.452
0.360
0.725
0.431
0.548
0.321
0.345
0.437
0.666
0.575
0.614
0.570
0.556
0.511
0.397
0.650
0.492
0.632
0.305
0.642
0.231
0.363
0.561
0.334
0.441
0.515
0.427
0.586
0.280
0.638
0.618
0.618
0.320
0.294
0.451
0.345
0.548
0.480
0.654
0.479
0.425
0.249
0.552
0.555
0.352
0.719
0.550
0.698
0.224
0.486
0.738
0.599
0.584
0.523
0.414
0.401
0.481
0.263
0.240
0.649
0.295
0.422
0.429
0.389
0.563
0.505
0.630
0.299
0.662
0.371
0.613
0.177
0.261
0.448
0.659
0.672
0.694
0.431
0.586
0.554
0.541
0.491
0.569
0.640
0.606
0.488
0.261
0.509
0.557
0.314
0.424
0.520
0.568
0.356
0.381
0.455
0.453
0.336
0.218
0.527
0.395
0.482
0.561
0.604
0.413
0.510
0.171
0.497
0.478
0.500
0.731
0.607
0.291
0.654
0.542
0.447
0.308
0.423
0.608
0.499
0.466
0.267
0.208
0.601
0.558
0.590
0.671
0.250
0.536
0.658
0.532
0.572
0.324
0.589
0.629
0.460
0.697
0.542
0.218
0.232
0.349
0.320
0.549
0.380
0.492
0.406
0.393
0.672
0.525
0.157
0.479
0.437
0.573
0.443
0.361
0.685
0.158
0.299
0.551
0.417
0.492
0.429
0.645
0.496
0.726
0.371
0.532
0.402
0.541
0.646
0.513
0.430
0.338
0.585
0.684
0.327
0.350
0.468
0.607
0.568
0.186
0.338
0.232
0.603
0.531
0.765
0.630
0.387
0.264
0.385
0.519
0.291
0.538
0.585
0.531
0.359
0.442
0.473
0.506
0.419
0.466
0.469
0.450
0.500
0.218
0.521
0.496
0.407
0.505
0.400
0.541
0.507
0.508
0.403
0.466
0.460
0.350
0.218
0.656
0.600
0.629
0.585
0.174
0.268
0.372
0.622
0.687
0.455
0.582
0.429
0.487
0.405
0.658
0.508
0.516
0.479
0.541
0.549
0.326
0.465
0.639
0.524
0.316
0.698
0.699
0.411
0.374
0.347
0.184
0.449
0.507
0.425
0.438
0.436
0.322
0.685
0.217
0.616
0.442
0.428
0.541
0.563
0.401
0.376
0.446
0.501
0.706
0.392
0.328
0.654
0.448
0.253
0.359
0.829
0.704
0.652
0.503
0.373
0.593
0.595
0.418
0.473
0.573
0.473
0.519
0.554
0.655
0.450
0.137
0.386
0.542
0.489
0.679
0.745
0.631
0.295
0.561
0.509
0.510
0.385
0.665
0.467
0.526
0.596
0.556
0.502
0.403
0.438
0.475
0.431
0.526
0.607
0.358
0.559
0.371
0.295
0.352
0.732
0.720
0.419
0.604
0.821
0.455
0.571
0.544
0.682
0.519
0.614
0.386
0.526
0.452
0.276
0.611
0.370
0.689
0.452
0.527
0.510
0.311
0.227
0.247
0.561
0.604
0.414
0.380
0.402
0.338
0.422
0.501
0.305
0.473
0.541
0.508
0.511
0.473
0.558
0.329
0.540
0.205
0.406
0.242
0.338
0.464
0.500
0.454
0.603
0.732
0.685
0.333
0.722
0.414
0.214
0.300
0.609
0.706
0.332
0.295
0.524
0.569
0.379
0.512
0.320
0.541
0.608
0.583
0.340
0.590
0.384
0.420
0.391
0.662
0.256
0.394
0.303
0.542
0.350
0.443
0.769
0.443
0.412
0.388
0.496
0.498
0.749
0.585
0.623
0.596
0.540
0.587
0.413
0.751
0.622
0.404
0.489
0.545
0.397
0.557
0.477
0.198
0.325
0.421
0.205
0.459
0.427
0.482
0.481
0.135
0.444
0.497
0.492
0.129
0.494
0.524
0.354
0.430
0.293
0.285
0.636
0.577
0.617
0.431
0.339
0.663
0.464
0.101
0.363
0.316
0.333
0.499
0.599
0.579
0.550
0.459
0.238
0.469
0.388
0.708
0.631
0.343
0.598
0.116
0.713
0.397
0.737
0.466
0.623
0.526
0.496
0.591
0.144
0.329
0.326
0.591
0.565
0.256
0.468
0.629
0.520
0.534
0.382
0.437
0.741
0.661
0.164
0.335
0.426
0.442
0.578
0.132
0.591
0.554
0.609
0.232
0.311
0.288
0.142
0.326
0.510
0.298
0.533
0.573
0.588
0.606
0.232
0.132
0.341
0.636
0.297
0.709
0.504
0.514
0.512
0.710
0.358
0.393
0.481
0.679
0.368
0.392
0.226
0.384
0.502
0.364
0.056
0.216
0.585
0.580
0.515
0.583
0.399
0.553
0.465
0.573
0.428
0.512
0.460
0.385
0.526
0.469
0.416
0.621
0.535
0.628
0.709
0.548
0.474
0.618
0.743
0.665
0.619
0.510
0.612
0.408
0.631
0.246
0.405
0.319
0.239
0.261
0.216
0.547
0.653
0.464
0.264
0.101
0.542
0.248
0.379
0.549
0.487
0.814
0.486
0.659
0.590
0.399
0.818
0.492
0.860
0.419
0.700
0.575
0.212
0.161
0.518
0.257
0.350
0.338
0.585
0.679
0.588
0.561
0.614
0.523
0.697
0.371
0.486
0.267
0.585
0.476
0.513
0.176
0.477
0.703
0.167
0.279
0.149
0.581
0.682
0.715
0.566
0.508
0.399
0.401
0.287
0.524
0.419
0.314
0.126
0.274
0.780
0.497
0.768
0.497
0.309
0.391
0.552
0.519
0.666
0.615
0.466
0.594
0.560
0.195
0.349
0.300
0.753
0.157
0.509
0.381
0.519
0.467
0.458
0.600
0.294
0.602
0.084
0.278
0.303
0.272
0.705
0.639
0.153
0.774
0.171
0.763
0.640
0.539
0.350
0.516
0.476
0.147
0.430
0.484
0.391
0.565
0.071
0.502
0.292
0.553
0.791
0.598
0.529
0.258
0.294
0.350
0.366
0.576
0.858
0.598
0.622
0.460
0.441
0.484
0.248
0.201
0.315
0.480
0.324
0.666
0.245
0.256
0.150
0.313
0.510
0.652
0.373
0.479
0.719
0.367
0.183
0.382
0.726
0.397
0.636
0.437
0.351
0.810
0.294
0.249
0.314
0.425
0.209
0.528
0.491
0.537
0.499
0.543
0.561
0.535
0.504
0.163
0.567
0.136
0.302
0.316
0.369
0.157
0.134
0.631
0.330
0.567
0.162
0.152
0.261
0.477
0.569
0.565
0.516
0.081
0.717
0.407
0.536
0.552
0.821
0.473
0.185
0.204
0.709
0.378
0.263
0.520
0.310
0.654
0.272
0.143
0.607
0.300
0.593
0.267
0.593
0.432
0.579
0.676
0.470
0.239
0.305
0.493
0.838
0.628
0.606
0.202
0.561
0.412
0.520
0.477
0.531
0.391
0.449
0.596
0.229
0.122
0.706
0.480
0.445
0.464
0.363
0.340
0.490
0.437
0.559
0.232
0.235
0.623
0.282
0.496
0.808
0.311
0.343
0.671
0.445
0.361
0.512
0.206
0.535
0.291
0.310
0.438
0.775
0.416
0.283
0.528
0.660
0.318
0.556
0.373
0.500
0.329
0.256
0.366
0.670
0.292
0.519
0.273
0.606
0.471
0.590
0.543
0.603
0.162
0.494
0.347
0.546
0.587
0.506
0.348
0.194
0.514
0.164
0.651
0.163
0.162
0.628
0.651
0.638
0.261
0.322
0.705
0.300
0.500
0.614
0.422
0.160
0.130
0.285
0.668
0.551
0.442
0.562
0.444
0.524
0.627
0.242
0.615
0.263
0.783
0.520
0.202
0.604
0.414
0.373
0.142
0.592
0.431
0.474
0.486
0.404
0.522
0.674
0.514
0.573
0.393
0.608
0.515
0.441
0.538
0.427
0.367
0.437
0.358
0.454
0.498
0.481
0.414
0.469
0.563
0.687
0.452
0.307
0.763
0.280
0.272
0.476
0.624
0.222
0.389
0.292
0.712
0.557
0.222
0.670
0.447
0.628
0.556
0.152
0.575
0.576
0.219
0.253
0.324
0.286
0.966
0.527
0.103
0.351
0.592
0.507
0.619
0.323
0.244
0.406
0.496
0.253
0.836
0.671
0.510
0.112
0.580
0.444
0.196
0.795
0.630
0.295
0.761
0.351
0.430
0.598
0.402
0.274
0.532
0.358
0.389
0.709
0.301
0.364
0.416
0.551
0.529
0.076
0.583
0.210
0.301
0.376
0.056
0.335
0.517
0.314
0.648
0.675
0.570
0.594
0.461
0.528
0.408
0.145
0.305
0.702
0.325
0.228
0.112
0.612
0.770
0.406
0.367
0.534
0.401
0.352
0.822
0.486
0.260
0.815
0.222
0.671
0.512
0.276
0.480
0.290
0.395
0.639
0.531
0.283
0.270
0.613
0.666
0.237
0.629
0.299
0.754
0.556
0.348
0.199
0.542
0.168
0.758
0.377
0.692
0.416
0.672
0.250
0.484
0.817
0.301
0.392
0.234
0.697
0.722
0.699
0.513
0.004
0.701
0.648
0.592
0.599
0.734
0.509
0.238
0.263
0.368
0.503
0.337
0.229
0.490
0.614
0.382
0.349
0.269
0.513
0.731
0.455
0.514
0.528
0.372
0.356
0.621
0.617
0.263
0.680
0.602
0.380
0.171
0.231
0.462
0.495
0.605
0.426
0.190
0.139
0.825
0.664
0.463
0.347
0.342
0.428
0.333
0.499
0.335
0.567
0.560
0.229
0.476
0.641
0.332
0.345
0.200
0.620
0.569
0.220
0.284
0.764
0.573
0.196
0.708
0.403
0.047
0.508
0.315
0.587
0.354
0.755
0.291
0.697
0.403
0.191
0.742
0.369
0.324
0.415
0.170
0.621
0.616
0.395
0.613
0.754
0.634
0.460
0.328
0.345
0.823
0.462
0.662
0.372
0.287
0.644
0.501
0.232
0.294
0.431
0.348
0.639
0.596
0.356
0.603
0.462
0.372
0.139
0.726
0.651
0.621
0.358
0.522
0.278
0.672
0.463
0.492
0.584
0.391
0.314
0.357
0.520
0.626
0.260
0.556
0.558
0.110
0.417
0.785
0.442
0.444
0.022
0.883
0.193
0.349
0.660
0.601
0.235
0.535
0.644
0.335
0.810
0.384
0.628
0.413
0.333
0.759
0.439
0.328
0.750
0.247
0.463
0.526
0.666
0.332
0.865
0.305
0.756
0.458
0.580
0.636
0.371
0.060
0.840
0.521
0.213
0.648
0.340
0.225
0.761
0.404
0.483
0.534
0.698
0.335
0.578
0.137
0.578
0.343
0.124
0.544
0.683
0.351
0.338
0.512
0.260
0.714
0.515
0.469
0.238
0.611
0.506
0.183
0.592
0.747
0.416
0.180
0.708
0.438
0.512
0.446
0.826
0.283
0.757
0.295
0.387
0.555
0.521
0.128
0.604
0.384
0.660
0.553
0.249
0.819
0.491
0.254
0.811
0.303
0.576
0.603
0.731
0.391
0.373
0.638
0.295
0.695
0.868
0.355
0.322
0.625
0.259
0.599
0.691
0.623
0.251
0.622
0.407
0.797
0.645
0.352
0.316
0.421
0.327
0.770
0.551
0.625
0.494
0.231
0.694
0.545
0.598
0.401
0.218
0.600
0.276
0.382
0.535
0.138
0.648
0.418
0.483
0.659
0.301
0.368
0.448
0.650
0.526
0.575
0.559
0.376
0.289
0.665
0.305
0.543
0.395
0.229
0.654
0.670
0.594
0.623
0.600
0.315
0.390
0.796
0.521
0.285
0.416
0.655
0.396
0.243
0.511
0.540
0.431
0.453
0.319
0.355
0.396
0.728
0.642
0.369
0.832
0.657
0.210
0.809
0.441
0.549
0.440
0.192
0.040
0.821
0.789
0.469
0.471
0.351
0.655
0.385
0.275
0.790
0.507
0.214
0.451
0.416
0.344
0.748
0.342
0.539
0.566
0.232
0.524
0.521
0.417
0.435
0.458
0.298
0.581
0.271
0.744
0.325
0.586
0.539
0.430
0.367
0.657
0.621
0.220
0.539
0.527
0.540
0.865
0.271
0.289
0.409
0.598
0.490
0.563
0.419
0.159
0.770
0.347
0.469
0.608
0.757
0.383
0.349
0.576
0.697
0.403
0.484
0.527
0.163
0.356
0.741
0.224
0.705
0.420
0.531
0.562
0.545
0.331
0.725
0.358
0.556
0.407
0.232
0.336
0.518
0.623
0.456
0.399
0.447
0.293
0.518
0.539
0.444
0.391
0.389
0.247
0.309
0.649
0.416
0.416
0.163
0.575
0.426
0.667
0.462
0.707
0.563
0.397
0.472
0.366
0.689
0.595
0.305
0.214
0.291
0.648
0.520
0.658
0.278
0.275
0.268
0.624
0.251
0.363
0.462
0.587
0.460
0.434
0.456
0.638
0.218
0.665
0.436
0.200
0.489
0.611
0.711
0.301
0.197
0.513
0.680
0.569
0.477
0.400
0.570
0.406
0.213
0.778
0.179
0.663
0.423
0.138
0.445
0.257
0.620
0.590
0.302
0.645
0.391
0.441
0.541
0.658
0.546
0.471
0.538
0.277
0.897
0.234
0.322
0.463
0.283
0.619
0.389
0.735
0.374
0.619
0.450
0.613
0.481
0.281
0.956
0.593
0.460
0.200
0.677
0.357
0.441
0.747
0.288
0.164
0.784
0.402
0.234
0.402
0.394
0.651
0.158
0.708
0.280
0.357
0.737
0.284
0.320
0.635
0.658
0.629
0.285
0.588
0.699
0.692
0.363
0.485
0.602
0.288
0.506
0.543
0.282
0.497
0.500
0.372
0.368
0.303
0.681
0.230
0.837
0.419
0.617
0.665
0.324
0.571
0.591
0.246
0.564
0.543
0.254
0.524
0.573
0.507
0.388
0.454
0.595
0.600
0.242
0.110
0.534
0.529
0.566
0.392
0.602
0.214
0.601
0.403
0.502
0.722
0.425
0.527
0.430
0.303
0.762
0.319
0.349
0.230
0.425
0.565
0.584
0.455
0.503
0.428
0.283
0.680
0.367
0.619
0.328
0.585
0.296
0.766
0.547
0.465
0.252
0.540
0.615
0.321
0.228
0.567
0.316
0.452
0.453
0.617
0.304
0.451
0.620
0.408
0.408
0.468
0.421
0.455
0.491
0.421
0.480
0.502
0.384
0.556
0.427
0.399
0.556
0.461
0.581
0.602
0.559
0.367
0.377
0.375
0.449
0.546
0.581
0.399
0.395
0.658
0.435
0.386
0.523
0.418
0.431
0.359
0.453
0.452
0.202
0.497
0.314
0.709
0.619
0.228
0.410
0.510
0.659
0.597
0.396
0.545
0.254
0.622
0.441
0.552
0.417
0.209
0.445
0.139
0.817
0.297
0.614
0.384
0.267
0.597
0.569
0.278
0.824
0.214
0.618
0.271
0.527
0.089
0.304
0.623
0.610
0.388
0.703
0.331
0.640
0.498
0.192
0.396
0.363
0.448
0.776
0.198
0.464
0.530
0.542
0.588
0.200
0.494
0.587
0.450
0.181
0.652
0.442
0.536
0.326
0.377
0.346
0.477
0.564
0.659
0.268
0.541
0.605
0.307
0.262
0.841
0.390
0.304
0.335
0.397
0.477
0.188
0.714
0.615
0.687
0.424
0.467
0.745
0.388
0.703
0.282
0.237
0.613
0.544
0.584
0.663
0.474
0.544
0.664
0.452
0.674
0.347
0.228
0.570
0.640
0.693
0.311
0.333
0.187
0.701
0.641
0.264
0.585
0.466
0.417
0.650
0.427
0.547
0.747
0.651
0.766
0.555
0.224
0.757
0.551
0.296
0.314
0.298
0.529
0.566
0.580
0.640
0.493
0.522
0.402
0.423
0.251
0.554
0.567
0.591
0.409
0.589
0.424
0.430
0.593
0.479
0.388
0.368
0.477
0.569
0.485
0.504
0.225
0.523
0.277
0.768
0.434
0.436
0.527
0.361
0.669
0.303
0.553
0.643
0.192
0.678
0.452
0.379
0.463
0.474
0.456
0.552
0.482
0.343
0.287
0.401
0.628
0.521
0.295
0.581
0.396
0.506
0.311
0.302
0.649
0.243
0.473
0.563
0.373
0.225
0.493
0.619
0.682
0.317
0.262
0.256
0.579
0.644
0.591
0.415
0.617
0.532
0.379
0.484
0.387
0.501
0.689
0.497
0.177
0.789
0.436
0.807
0.488
0.309
0.321
0.653
0.307
0.655
0.396
0.700
0.610
0.289
0.329
0.469
0.416
0.419
0.387
0.690
0.441
0.573
0.391
0.249
0.636
0.505
0.285
0.386
0.381
0.287
0.830
0.360
0.509
0.132
0.746
0.380
0.736
0.327
0.623
0.344
0.702
0.413
0.388
0.295
0.711
0.413
0.113
0.542
0.571
0.189
0.537
0.441
0.615
0.520
0.201
0.688
0.576
0.316
0.623
0.111
0.628
0.290
0.573
0.623
0.534
0.170
0.508
0.386
0.243
0.537
0.371
0.020
0.617
0.364
0.802
0.322
0.321
0.442
0.548
0.701
0.656
0.498
0.702
0.291
0.571
0.568
0.403
0.354
0.656
0.699
0.138
0.458
0.746
0.246
0.676
0.351
0.757
0.753
0.503
0.168
0.151
0.718
0.565
0.266
0.501
0.589
0.362
0.730
0.364
0.418
0.648
0.431
0.199
0.513
0.586
0.336
0.653
0.520
0.544
0.461
0.349
0.552
0.695
0.271
0.390
0.486
0.235
0.572
0.619
0.345
0.395
0.487
0.531
0.545
0.332
0.693
0.331
0.808
0.403
0.596
0.357
0.374
0.421
0.263
0.293
0.405
0.780
0.530
0.241
0.680
0.294
0.729
0.225
0.596
0.466
0.223
0.619
0.245
0.634
0.464
0.206
0.296
0.292
0.762
0.670
0.635
0.461
0.351
0.335
0.589
0.304
0.517
0.491
0.359
0.578
0.620
0.565
0.477
0.534
0.151
0.578
0.619
0.326
0.206
0.668
0.172
0.500
0.424
0.471
0.514
0.436
0.226
0.593
0.669
0.557
0.187
0.296
0.198
0.392
0.377
0.282
0.622
0.289
0.457
0.345
0.556
0.528
0.213
0.742
0.409
0.281
0.557
0.625
0.629
0.515
0.343
0.594
0.545
0.381
0.611
0.410
0.661
0.532
0.503
0.514
0.306
0.555
0.392
0.444
0.358
0.829
0.322
0.200
0.448
0.603
0.359
0.355
0.590
0.492
0.361
0.441
0.763
0.466
0.500
0.381
0.513
0.531
0.265
0.589
0.746
0.327
0.279
0.359
0.285
0.556
0.685
0.130
0.492
0.716
0.586
0.404
0.663
0.398
0.293
0.697
0.454
0.669
0.370
0.456
0.615
0.377
0.317
0.593
0.650
0.659
0.305
0.390
0.355
0.665
0.451
0.372
0.484
0.388
0.210
0.713
0.647
0.455
0.415
0.360
0.415
0.639
0.461
0.548
0.593
0.233
0.489
0.554
0.426
0.678
0.193
0.503
0.362
0.263
0.308
0.269
0.524
0.439
0.368
0.463
0.704
0.580
0.348
0.612
0.222
0.667
0.523
0.575
0.646
0.365
0.631
0.631
0.422
0.202
0.672
0.462
0.218
0.569
0.350
0.605
0.550
0.175
0.665
0.373
0.279
0.679
0.346
0.387
0.705
0.537
0.487
0.552
0.615
0.336
0.488
0.695
0.382
0.640
0.140
0.615
0.708
0.589
0.535
0.724
0.353
0.317
0.460
0.425
0.532
0.606
0.370
0.651
0.471
0.522
0.633
0.272
0.479
0.273
0.219
0.637
0.299
0.570
0.552
0.362
0.708
0.388
0.596
0.344
0.680
0.207
0.299
0.317
0.307
0.491
0.286
0.510
0.456
0.420
0.689
0.128
0.531
0.376
0.507
0.682
0.578
0.314
0.385
0.737
0.604
0.394
0.551
0.651
0.189
0.508
0.460
0.400
0.437
0.289
0.625
0.446
0.193
0.755
0.550
0.366
0.471
0.261
0.675
0.252
0.633
0.522
0.162
0.694
0.578
0.572
0.658
0.461
0.550
0.739
0.500
0.416
0.617
0.339
0.334
0.441
0.390
0.425
0.484
0.319
0.554
0.410
0.395
0.506
0.224
0.480
0.639
0.657
0.066
0.672
0.368
0.234
0.508
0.484
0.304
0.768
0.501
0.566
0.531
0.576
0.555
0.429
0.683
0.187
0.354
0.482
0.226
0.410
0.232
0.520
0.264
0.598
0.677
0.397
0.333
0.659
0.520
0.303
0.337
0.584
0.251
0.497
0.311
0.407
0.402
0.678
0.465
0.184
0.775
0.410
0.491
0.361
0.813
0.688
0.418
0.263
0.737
0.249
0.309
0.497
0.516
0.318
0.694
0.625
0.266
0.560
0.251
0.755
0.471
0.279
0.447
0.246
0.606
0.376
0.335
0.630
0.398
0.264
0.630
0.402
0.260
0.337
0.426
0.455
0.673
0.302
0.587
0.311
0.427
0.511
0.248
0.544
0.275
0.616
0.484
0.523
0.797
0.396
0.382
0.535
0.746
0.292
0.287
0.641
0.479
0.375
0.775
0.366
0.426
0.274
0.690
0.606
0.815
0.424
0.407
0.638
0.270
0.549
0.449
0.332
0.376
0.440
0.601
0.433
0.493
0.623
0.388
0.604
0.185
0.608
0.303
0.699
0.171
0.419
0.603
0.322
0.484
0.419
0.428
0.643
0.265
0.359
0.448
0.606
0.410
0.497
0.557
0.216
0.418
0.588
0.386
0.506
0.592
0.340
0.713
0.547
0.567
0.530
0.325
0.511
0.159
0.593
0.179
0.557
0.332
0.566
0.298
0.385
0.699
0.580
0.723
0.387
0.592
0.282
0.712
0.212
0.609
0.423
0.664
0.505
0.252
0.397
0.602
0.181
0.456
0.237
0.610
0.429
0.736
0.296
0.543
0.382
0.159
0.606
0.525
0.319
0.526
0.343
0.590
0.379
0.467
0.339
0.461
0.660
0.460
0.599
0.494
0.612
0.313
0.672
0.548
0.292
0.703
0.396
0.648
0.569
0.326
0.624
0.445
0.468
0.445
0.537
0.432
0.359
0.732
0.536
0.647
0.322
0.536
0.657
0.401
0.372
0.582
0.292
0.667
0.414
0.649
0.360
0.654
0.213
0.418
0.718
0.473
0.674
0.442
0.738
0.370
0.660
0.635
0.532
0.664
0.443
0.676
0.647
0.558
0.251
0.412
0.513
0.248
0.722
0.391
0.405
0.315
0.518
0.345
0.351
0.585
0.445
0.542
0.632
0.315
0.736
0.146
0.466
0.433
0.557
0.352
0.736
0.317
0.565
0.282
0.636
0.512
0.468
0.136
0.379
0.303
0.721
0.342
0.442
0.504
0.518
0.169
0.532
0.412
0.277
0.693
0.456
0.249
0.648
0.608
0.394
0.670
0.332
0.665
0.222
0.331
0.591
0.424
0.570
0.411
0.333
0.509
0.625
0.393
0.478
0.606
0.561
0.344
0.746
0.226
0.350
0.422
0.250
0.443
0.265
0.684
0.629
0.397
0.877
0.324
0.518
0.653
0.308
0.255
0.227
0.584
0.675
0.565
0.374
0.522
0.392
0.575
0.482
0.353
0.429
0.530
0.371
0.373
0.768
0.424
0.397
0.475
0.319
0.657
0.600
0.272
0.585
0.167
0.542
0.312
0.730
0.297
0.439
0.605
0.328
0.343
0.332
0.461
0.650
0.601
0.521
0.252
0.426
0.461
0.468
0.453
0.405
0.409
0.354
0.491
0.548
0.316
0.331
0.238
0.604
0.463
0.467
0.391
0.287
0.357
0.640
0.455
0.912
0.419
0.784
0.772
0.469
0.702
0.515
0.452
0.407
0.646
0.452
0.558
0.460
0.429
0.586
0.291
0.338
0.803
0.397
0.310
0.546
0.589
0.345
0.685
0.378
0.765
0.441
0.454
0.677
0.594
0.625
0.480
0.284
0.480
0.469
0.237
0.360
0.629
0.249
0.811
0.297
0.421
0.513
0.309
0.276
0.524
0.654
0.316
0.608
0.459
0.298
0.896
0.295
0.571
0.203
0.421
0.397
0.611
0.501
0.322
0.539
0.388
0.688
0.480
0.652
0.524
0.635
0.557
0.637
0.483
0.240
0.595
0.413
0.654
0.429
0.552
0.454
0.581
0.389
0.406
0.671
0.334
0.239
0.489
0.475
0.439
0.299
0.545
0.568
0.386
0.555
0.300
0.696
0.415
0.296
0.520
0.449
0.705
0.702
0.430
0.257
0.487
0.523
0.593
0.365
0.355
0.702
0.267
0.562
0.429
0.700
0.290
0.698
0.530
0.286
0.726
0.284
0.746
0.342
0.598
0.673
0.100
0.561
0.446
0.459
0.268
0.584
0.479
0.377
0.689
0.435
0.481
0.530
0.198
0.636
0.227
0.464
0.459
0.461
0.689
0.356
0.717
0.541
0.323
0.265
0.381
0.520
0.471
0.691
0.733
0.508
0.756
0.443
0.409
0.589
0.583
0.468
0.446
0.527
0.586
0.253
0.577
0.350
0.609
0.512
0.479
0.451
0.439
0.406
0.359
0.557
0.553
0.451
0.471
0.797
0.382
0.642
0.585
0.246
0.335
0.716
0.279
0.659
0.436
0.514
0.387
0.551
0.392
0.322
0.609
0.422
0.349
0.653
0.395
0.694
0.506
0.722
0.404
0.630
0.548
0.618
0.343
0.443
0.539
0.298
0.679
0.590
0.432
0.235
0.387
0.610
0.456
0.422
0.581
0.279
0.307
0.595
0.335
0.250
0.346
0.402
0.377
0.459
0.458
0.619
0.380
0.606
0.433
0.340
0.512
0.329
0.525
0.566
0.450
0.554
0.489
0.541
0.699
0.465
0.242
0.464
0.221
0.515
0.345
0.478
0.268
0.560
0.470
0.499
0.407
0.433
0.639
0.310
0.395
0.437
0.466
0.558
0.764
0.331
0.418
0.402
0.577
0.534
0.526
0.436
0.353
0.667
0.357
0.436
0.365
0.303
0.613
0.433
0.604
0.401
0.749
0.526
0.329
0.498
0.495
0.340
0.518
0.603
0.439
0.371
0.612
0.571
0.463
0.191
0.657
0.517
0.634
0.560
0.626
0.516
0.501
0.288
0.529
0.635
0.285
0.432
0.415
0.689
0.256
0.667
0.367
0.300
0.324
0.598
0.408
0.581
0.387
0.722
0.306
0.793
0.568
0.345
0.337
0.507
0.601
0.414
0.427
0.714
0.301
0.589
0.455
0.328
0.576
0.466
0.463
0.548
0.361
0.503
0.281
0.523
0.406
0.444
0.506
0.567
0.293
0.636
0.415
0.721
0.475
0.450
0.605
0.294
0.682
0.580
0.198
0.359
0.365
0.339
0.572
0.367
0.587
0.288
0.554
0.296
0.735
0.575
0.555
0.497
0.439
0.556
0.611
0.431
0.581
0.586
0.654
0.388
0.503
0.489
0.388
0.615
0.676
0.321
0.547
0.341
0.666
0.364
0.568
0.519
0.556
0.310
0.585
0.519
0.556
0.586
0.243
0.460
0.552
0.490
0.449
0.283
0.326
0.521
0.545
0.710
0.453
0.301
0.442
0.468
0.618
0.380
0.561
0.448
0.348
0.443
0.656
0.403
0.821
0.531
0.571
0.299
0.481
0.387
0.147
0.540
0.550
0.981
0.458
0.624
0.297
0.688
0.364
0.289
0.529
0.484
0.561
0.415
0.235
0.769
0.380
0.583
0.139
0.792
0.537
0.395
0.203
0.454
0.408
0.791
0.508
0.452
0.715
0.173
0.581
0.383
0.592
0.356
0.227
0.217
0.456
0.612
0.504
0.382
0.445
0.433
0.658
0.652
0.481
0.556
0.448
0.563
0.371
0.532
0.625
0.433
0.648
0.387
0.438
0.541
0.248
0.516
0.394
0.360
0.496
0.438
0.299
0.683
0.370
0.816
0.514
0.544
0.509
0.394
0.645
0.171
0.906
0.597
0.334
0.238
0.493
0.574
0.735
0.420
0.607
0.305
0.674
0.393
0.427
0.451
0.400
0.542
0.558
0.392
0.579
0.264
0.496
0.468
0.388
0.500
0.520
0.263
0.742
0.346
0.563
0.424
0.563
0.382
0.447
0.803
0.320
0.384
0.490
0.263
0.327
0.571
0.285
0.310
0.644
0.411
0.544
0.759
0.397
0.529
0.522
0.394
0.592
0.457
0.480
0.492
0.206
0.614
0.432
0.331
0.431
0.392
0.309
0.298
0.348
0.534
0.181
0.461
0.345
0.770
0.613
0.580
0.666
0.342
0.612
0.268
0.543
0.398
0.320
0.381
0.679
0.380
0.411
0.477
0.250
0.600
0.397
0.521
0.160
0.682
0.317
0.640
0.348
0.566
0.484
0.419
0.300
0.486
0.468
0.457
0.536
0.384
0.475
0.758
0.333
0.500
0.316
0.564
0.607
0.394
0.761
0.484
0.394
0.440
0.376
0.548
0.310
0.322
0.423
0.577
0.416
0.507
0.410
0.390
0.740
0.229
0.571
0.286
0.466
0.316
0.682
0.444
0.062
0.641
0.324
0.550
0.503
0.238
0.878
0.413
0.669
0.561
0.355
0.556
0.412
0.256
0.601
0.234
0.431
0.423
0.240
0.518
0.475
0.540
0.640
0.455
0.685
0.534
0.536
0.440
0.288
0.547
0.243
0.360
0.254
0.558
0.267
0.658
0.423
0.530
0.251
0.152
0.320
0.460
0.603
0.290
0.501
0.469
0.584
0.387
0.377
0.264
0.498
0.489
0.640
0.463
0.528
0.623
0.485
0.592
0.449
0.678
0.385
0.524
0.313
0.621
0.592
0.235
0.436
0.335
0.594
0.380
0.604
0.282
0.467
0.451
0.359
0.696
0.329
0.677
0.553
0.481
0.609
0.440
0.173
0.483
0.368
0.601
0.515
0.727
0.441
0.502
0.531
0.620
0.499
0.315
0.715
0.355
0.389
0.808
0.441
0.550
0.259
0.277
0.602
0.577
0.398
0.616
0.379
0.474
0.536
0.527
0.448
0.481
0.762
0.228
0.704
0.287
0.588
0.408
0.553
0.710
0.582
0.548
0.449
0.435
0.843
0.389
0.428
0.628
0.526
0.176
0.637
0.398
0.661
0.221
0.561
0.450
0.377
0.399
0.524
0.342
0.749
0.362
0.658
0.474
0.598
0.331
0.671
0.640
0.398
0.503
0.271
0.590
0.346
0.554
0.337
0.578
0.383
0.854
0.439
0.480
0.625
0.294
0.627
0.386
0.408
0.561
0.564
0.327
0.612
0.413
0.347
0.451
0.646
0.571
0.460
0.658
0.607
0.533
0.186
0.318
0.662
0.523
0.552
0.354
0.383
0.639
0.575
0.642
0.476
0.264
0.338
0.521
0.529
0.571
0.366
0.812
0.522
0.335
0.620
0.442
0.539
0.552
0.560
0.494
0.289
0.483
0.531
0.450
0.613
0.414
0.349
0.405
0.474
0.702
0.405
0.547
0.332
0.572
0.482
0.457
0.562
0.431
0.278
0.791
0.454
0.692
0.372
0.430
0.406
0.399
0.645
0.277
0.263
0.628
0.631
0.247
0.705
0.256
0.658
0.466
0.657
0.483
0.593
0.299
0.644
0.557
0.263
0.638
0.455
0.315
0.610
0.480
0.521
0.430
0.465
0.540
0.356
0.592
0.441
0.391
0.517
0.506
0.392
0.699
0.469
0.377
0.543
0.353
0.623
0.357
0.401
0.527
0.329
0.645
0.505
0.537
0.502
0.572
0.384
0.694
0.451
0.284
0.410
0.471
0.374
0.508
0.588
0.541
0.533
0.362
0.407
0.203
0.335
0.435
0.426
0.624
0.420
0.336
0.290
0.503
0.425
0.419
0.510
0.617
0.266
0.533
0.202
0.556
0.464
0.617
0.380
0.498
0.407
0.609
0.578
0.550
0.454
0.321
0.415
0.517
0.690
0.377
0.327
0.483
0.438
0.495
0.343
0.611
0.482
0.677
0.476
0.519
0.725
0.655
0.371
0.343
0.391
0.537
0.371
0.668
0.486
0.493
0.577
0.656
0.518
0.690
0.323
0.574
0.478
0.299
0.612
0.427
0.555
0.299
0.829
0.462
0.759
0.476
0.541
0.496
0.635
0.469
0.586
0.467
0.307
0.599
0.299
0.679
0.416
0.458
0.457
0.305
0.582
0.369
0.515
0.467
0.656
0.264
0.561
0.621
0.572
0.402
0.500
0.720
0.383
0.635
0.473
0.645
0.312
0.686
0.310
0.371
0.669
0.334
0.619
0.632
0.405
0.521
0.565
0.374
0.653
0.350
0.497
0.273
0.485
0.347
0.584
0.506
0.267
0.574
0.600
0.699
0.529
0.350
0.565
0.207
0.603
0.549
0.363
0.669
0.380
0.365
0.155
0.667
0.434
0.499
0.518
0.222
0.597
0.537
0.481
0.579
0.417
0.452
0.464
0.356
0.577
0.288
0.470
0.474
0.491
0.489
0.264
0.508
0.535
0.367
0.644
0.448
0.334
0.283
0.411
0.623
0.383
0.602
0.263
0.559
0.453
0.636
0.315
0.563
0.436
0.665
0.522
0.546
0.283
0.520
0.590
0.763
0.342
0.391
0.405
0.505
0.485
0.656
0.395
0.508
0.426
0.375
0.516
0.604
0.381
0.482
0.588
0.546
0.499
0.369
0.350
0.537
0.379
0.633
0.419
0.556
0.513
0.392
0.363
0.411
0.355
0.561
0.495
0.378
0.773
0.425
0.543
0.466
0.669
0.475
0.388
0.318
0.325
0.562
0.448
0.523
0.396
0.402
0.279
0.582
0.417
0.389
0.481
0.490
0.580
0.401
0.503
0.378
0.537
0.347
0.350
0.658
0.294
0.711
0.505
0.545
0.455
0.462
0.482
0.469
0.385
0.360
0.557
0.526
0.285
0.430
0.766
0.344
0.607
0.326
0.372
0.621
0.262
0.736
0.370
0.344
0.487
0.477
0.457
0.545
0.336
0.340
0.484
0.615
0.418
0.659
0.500
0.677
0.465
0.346
0.690
0.379
0.495
0.546
0.373
0.618
0.260
0.393
0.630
0.522
0.613
0.460
0.399
0.647
0.363
0.251
0.395
0.455
0.494
0.354
0.620
0.490
0.404
0.677
0.307
0.592
0.711
0.279
0.662
0.420
0.690
0.386
0.629
0.573
0.305
0.522
0.446
0.568
0.268
0.518
0.553
0.602
0.532
0.387
0.583
0.346
0.391
0.363
0.204
0.469
0.549
0.395
0.562
0.410
0.720
0.427
0.563
0.267
0.310
0.385
0.692
0.622
0.338
0.358
0.397
0.574
0.385
0.432
0.316
0.615
0.303
0.439
0.634
0.308
0.418
0.684
0.439
0.398
0.473
0.283
0.492
0.474
0.730
0.516
0.489
0.595
0.418
0.657
0.398
0.576
0.454
0.711
0.643
0.252
0.457
0.334
0.589
0.556
0.453
0.473
0.144
0.661
0.574
0.305
0.724
0.396
0.519
0.522
0.333
0.458
0.337
0.294
0.336
0.507
0.526
0.452
0.385
0.554
0.650
0.181
0.607
0.520
0.319
0.477
0.340
0.356
0.305
0.561
0.526
0.543
0.323
0.488
0.404
0.503
0.407
0.453
0.338
0.631
0.513
0.261
0.350
0.518
0.443
0.402
0.345
0.447
0.406
0.253
0.591
0.401
0.483
0.312
0.393
0.276
0.740
0.479
0.583
0.449
0.453
0.779
0.283
0.677
0.559
0.515
0.548
0.375
0.602
0.426
0.418
0.338
0.485
0.451
0.423
0.465
0.465
0.387
0.221
0.586
0.544
0.349
0.591
0.249
0.417
0.304
0.423
0.378
0.712
0.335
0.690
0.298
0.288
0.252
0.574
0.417
0.466
0.761
0.340
0.667
0.539
0.219
0.588
0.628
0.456
0.430
0.367
0.694
0.426
0.564
0.277
0.295
0.481
0.374
0.116
0.561
0.478
0.359
0.635
0.354
0.635
0.356
0.316
0.826
0.425
0.619
0.447
0.482
0.459
0.411
0.623
0.259
0.558
0.666
0.729
0.435
0.287
0.263
0.290
0.573
0.441
0.216
0.478
0.446
0.665
0.382
0.389
0.528
0.289
0.452
0.597
0.335
0.480
0.312
0.532
0.328
0.494
0.527
0.361
0.652
0.474
0.495
0.393
0.208
0.561
0.608
0.341
0.564
0.396
0.537
0.494
0.601
0.674
0.191
0.532
0.237
0.744
0.406
0.552
0.393
0.714
0.340
0.403
0.388
0.635
0.450
0.385
0.618
0.287
0.620
0.575
0.526
0.546
0.342
0.350
0.330
0.621
0.425
0.535
0.508
0.716
0.483
0.365
0.271
0.357
0.488
0.333
0.531
0.324
0.501
0.443
0.467
0.512
0.308
0.461
0.442
0.656
0.355
0.287
0.476
0.516
0.351
0.593
0.404
0.404
0.291
0.523
0.507
0.354
0.563
0.404
0.800
0.327
0.766
0.411
0.511
0.481
0.480
0.524
0.301
0.403
0.456
0.542
0.457
0.458
0.479
0.264
0.329
0.393
0.666
0.435
0.279
0.633
0.360
0.405
0.306
0.435
0.359
0.638
0.593
0.264
0.577
0.336
0.366
0.681
0.227
0.481
0.275
0.726
0.450
0.487
0.473
0.270
0.454
0.381
0.682
0.445
0.337
0.571
0.536
0.487
0.545
0.283
0.475
0.666
0.585
0.190
0.560
0.486
0.564
0.567
0.301
0.792
0.550
0.553
0.336
0.478
0.549
0.562
0.212
0.760
0.459
0.381
0.420
0.456
0.530
0.468
0.377
0.560
0.319
0.321
0.524
0.468
0.375
0.454
0.537
0.344
0.839
0.625
0.420
0.537
0.467
0.465
0.366
0.363
0.618
0.600
0.409
0.546
0.431
0.645
0.623
0.424
0.491
0.331
0.588
0.208
0.682
0.329
0.595
0.403
0.642
0.489
0.526
0.538
0.498
0.356
0.574
0.465
0.482
0.388
0.465
0.384
0.567
0.487
0.662
0.432
0.383
0.521
0.539
0.570
0.249
0.612
0.452
0.522
0.370
0.489
0.467
0.619
0.565
0.375
0.635
0.351
0.334
0.496
0.457
0.347
0.522
0.533
0.376
0.689
0.396
0.503
0.557
0.453
0.412
0.284
0.347
0.462
0.305
0.596
0.454
0.451
0.533
0.450
0.406
0.565
0.334
0.739
0.443
0.495
0.263
0.581
0.318
0.614
0.539
0.591
0.341
0.357
0.422
0.172
0.618
0.548
0.423
0.647
0.491
0.617
0.445
0.656
0.313
0.560
0.366
0.593
0.242
0.742
0.397
0.647
0.486
0.266
0.602
0.491
0.695
0.489
0.397
0.577
0.371
0.545
0.501
0.341
0.517
0.494
0.556
0.683
0.438
0.432
0.639
0.433
0.678
0.467
0.396
0.751
0.460
0.367
0.329
0.417
0.518
0.500
0.357
0.419
0.599
0.165
0.576
0.588
0.418
0.442
0.271
0.381
0.716
0.492
0.445
0.496
0.678
0.398
0.612
0.483
0.405
0.699
0.319
0.530
0.436
0.339
0.583
0.753
0.451
0.387
0.589
0.366
0.433
0.377
0.468
0.505
0.497
0.528
0.657
0.437
0.521
0.536
0.680
0.610
0.375
0.363
0.432
0.657
0.360
0.373
0.450
0.312
0.491
0.125
0.653
0.299
0.741
0.525
0.382
0.526
0.565
0.378
0.786
0.346
0.631
0.434
0.666
0.523
0.734
0.389
0.481
0.516
0.400
0.334
0.233
0.378
0.391
0.723
0.579
0.362
0.418
0.459
0.536
0.502
0.330
0.391
0.427
0.767
0.320
0.451
0.404
0.580
0.518
0.335
0.817
0.629
0.522
0.477
0.548
0.496
0.435
0.401
0.451
0.188
0.356
0.309
0.537
0.500
0.567
0.350
0.447
0.774
0.543
0.416
0.443
0.362
0.582
0.368
0.206
0.504
0.527
0.376
0.472
0.465
0.438
0.349
0.791
0.608
0.566
0.283
0.633
0.242
0.702
0.297
0.480
0.548
0.597
0.572
0.342
0.410
0.701
0.451
0.512
0.332
0.611
0.493
0.594
0.446
0.438
0.498
0.594
0.492
0.346
0.511
0.371
0.417
0.261
0.455
0.466
0.653
0.445
0.260
0.539
0.315
0.403
0.377
0.412
0.290
0.601
0.453
0.273
0.487
0.592
0.453
0.605
0.494
0.607
0.478
0.640
0.592
0.429
0.316
0.396
0.696
0.443
0.540
0.336
0.610
0.497
0.577
0.384
0.417
0.240
0.750
0.724
0.583
0.223
0.611
0.360
0.434
0.620
0.135
0.645
0.473
0.562
0.413
0.314
0.479
0.491
0.637
0.452
0.463
0.453
0.282
0.515
0.618
0.368
0.569
0.603
0.437
0.655
0.364
0.573
0.612
0.468
0.495
0.369
0.672
0.383
0.583
0.390
0.401
0.397
0.404
0.278
0.562
0.440
0.673
0.585
0.552
0.694
0.396
0.702
0.417
0.767
0.435
0.672
0.442
0.356
0.485
0.450
0.492
0.593
0.291
0.318
0.575
0.529
0.647
0.343
0.374
0.482
0.395
0.750
0.481
0.659
0.481
0.497
0.481
0.585
0.314
0.605
0.320
0.395
0.442
0.615
0.501
0.471
0.454
0.517
0.260
0.565
0.261
0.340
0.478
0.503
0.589
0.400
0.743
0.569
0.374
0.352
0.694
0.453
0.423
0.542
0.537
0.305
0.695
0.457
0.558
0.327
0.435
0.521
0.412
0.506
0.549
0.598
0.566
0.598
0.500
0.267
0.499
0.475
0.735
0.347
0.552
0.520
0.610
0.572
0.496
0.566
0.623
0.485
0.379
0.332
0.531
0.607
0.522
0.549
0.544
0.595
0.351
0.515
0.488
0.398
0.497
0.435
0.648
0.369
0.382
0.668
0.544
0.504
0.594
0.328
0.342
0.580
0.478
0.620
0.602
0.588
0.416
0.528
0.527
0.538
0.269
0.541
0.626
0.366
0.501
0.635
0.491
0.625
0.419
0.553
0.380
0.565
0.433
0.411
0.267
0.526
0.512
0.655
0.476
0.298
0.498
0.414
0.501
0.528
0.544
0.545
0.350
0.693
0.448
0.522
0.590
0.662
0.298
0.435
0.288
0.377
0.409
0.422
0.647
0.326
0.417
0.537
0.540
0.439
0.223
0.465
0.468
0.568
0.369
0.564
0.578
0.337
0.670
0.405
0.416
0.672
0.741
0.465
0.548
0.459
0.371
0.441
0.331
0.398
0.423
0.497
0.610
0.597
0.473
0.568
0.423
0.535
0.458
0.178
0.474
0.663
0.270
0.406
0.442
0.548
0.421
0.730
0.403
0.327
0.403
0.311
0.699
0.126
0.652
0.410
0.314
0.698
0.440
0.403
0.570
0.447
0.653
0.408
0.301
0.637
0.518
0.568
0.429
0.287
0.500
0.598
0.519
0.440
0.454
0.576
0.345
0.821
0.407
0.736
0.454
0.552
0.517
0.564
0.417
0.687
0.429
0.636
0.304
0.678
0.386
0.649
0.632
0.322
0.294
0.607
0.361
0.379
0.434
0.395
0.350
0.633
0.496
0.539
0.567
0.527
0.485
0.668
0.293
0.481
0.306
0.585
0.368
0.368
0.316
0.496
0.408
0.407
0.495
0.678
0.503
0.650
0.400
0.530
0.470
0.492
0.451
0.479
0.372
0.360
0.480
0.548
0.598
0.523
0.620
0.481
0.462
0.474
0.321
0.557
0.439
0.327
0.692
0.564
0.699
0.601
0.662
0.491
0.659
0.510
0.476
0.567
0.336
0.300
0.639
0.357
0.603
0.426
0.389
0.532
0.308
0.434
0.424
0.548
0.347
0.546
0.311
0.661
0.379
0.414
0.615
0.319
0.537
0.454
0.389
0.285
0.604
0.505
0.454
0.577
0.488
0.546
0.468
0.317
0.347
0.542
0.341
0.351
0.607
0.462
0.314
0.415
0.631
0.401
0.531
0.498
0.687
0.672
0.406
0.590
0.508
0.339
0.490
0.425
0.456
0.427
0.690
0.451
0.732
0.425
0.480
0.404
0.676
0.577
0.414
0.574
0.455
0.417
0.710
0.422
0.400
0.542
0.318
0.360
0.434
0.504
0.348
0.551
0.420
0.626
0.460
0.401
0.298
0.410
0.596
0.499
0.365
0.356
0.673
0.311
0.404
0.642
0.297
0.557
0.520
0.367
0.727
0.373
0.594
0.688
0.609
0.471
0.404
0.345
0.601
0.650
0.453
0.412
0.357
0.591
0.518
0.659
0.325
0.365
0.522
0.527
0.547
0.417
0.427
0.241
0.565
0.478
0.411
0.299
0.618
0.585
0.442
0.617
0.292
0.324
0.548
0.524
0.458
0.483
0.533
0.236
0.388
0.613
0.475
0.388
0.407
0.519
0.716
0.586
0.219
0.261
0.191
0.693
0.668
0.431
0.403
0.614
0.436
0.588
0.364
0.356
0.392
0.443
0.521
0.371
0.477
0.317
0.529
0.658
0.284
0.667
0.538
0.476
0.419
0.519
0.452
0.501
0.716
0.540
0.553
0.426
0.463
0.375
0.551
0.483
0.521
0.541
0.420
0.505
0.294
0.570
0.315
0.676
0.702
0.555
0.502
0.368
0.466
0.505
0.376
0.491
0.390
0.630
0.578
0.460
0.452
0.515
0.431
0.433
0.662
0.455
0.683
0.583
0.596
0.598
0.408
0.507
0.415
0.482
0.360
0.485
0.328
0.257
0.484
0.521
0.307
0.266
0.588
0.741
0.291
0.628
0.601
0.453
0.650
0.547
0.519
0.337
0.311
0.549
0.625
0.486
0.487
0.420
0.508
0.607
0.526
0.368
0.256
0.417
0.349
0.446
0.483
0.406
0.432
0.581
0.663
0.337
0.521
0.314
0.388
0.459
0.370
0.710
0.413
0.483
0.501
0.250
0.320
0.420
0.504
0.513
0.432
0.445
0.425
0.314
0.555
0.215
0.615
0.379
0.298
0.435
0.656
0.504
0.436
0.503
0.522
0.552
0.420
0.593
0.451
0.574
0.538
0.489
0.537
0.547
0.529
0.467
0.386
0.398
0.456
0.307
0.510
0.691
0.345
0.328
0.569
0.407
0.527
0.340
0.462
0.471
0.511
0.603
0.442
0.713
0.435
0.362
0.387
0.455
0.501
0.405
0.549
0.519
0.427
0.554
0.235
0.400
0.492
0.508
0.416
0.372
0.573
0.503
0.342
0.370
0.472
0.556
0.614
0.412
0.352
0.477
0.500
0.521
0.408
0.341
0.540
0.357
0.450
0.441
0.468
0.481
0.448
0.702
0.400
0.518
0.505
0.610
0.519
0.348
0.570
0.316
0.471
0.428
0.508
0.560
0.406
0.401
0.400
0.619
0.399
0.455
0.544
0.680
0.506
0.560
0.336
0.490
0.553
0.434
0.345
0.631
0.412
0.338
0.461
0.397
0.386
0.387
0.470
0.322
0.759
0.396
0.585
0.249
0.698
0.313
0.410
0.296
0.432
0.440
0.495
0.323
0.526
0.399
0.534
0.432
0.515
0.317
0.355
0.455
0.385
0.498
0.505
0.479
0.480
0.453
0.473
0.476
0.388
0.350
0.429
0.392
0.415
0.544
0.543
0.568
0.572
0.536
0.419
0.480
0.417
0.507
0.288
0.367
0.455
0.370
0.490
0.469
0.681
0.489
0.573
0.568
0.442
0.493
0.212
0.589
0.387
0.521
0.193
0.623
0.602
0.610
0.464
0.381
0.600
0.612
0.596
0.498
0.324
0.502
0.498
0.387
0.371
0.448
0.340
0.692
0.504
0.400
0.617
0.503
0.586
0.440
0.385
0.495
0.351
0.595
0.445
0.539
0.337
0.449
0.647
0.547
0.721
0.357
0.587
0.440
0.166
0.509
0.278
0.398
0.526
0.586
0.566
0.299
0.413
0.356
0.696
0.389
0.315
0.429
0.729
0.508
0.353
0.397
0.413
0.505
0.256
0.494
0.489
0.631
0.672
0.336
0.454
0.458
0.555
0.382
0.579
0.446
0.280
0.417
0.563
0.391
0.292
0.473
0.584
0.518
0.758
0.201
0.530
0.502
0.666
0.639
0.612
0.406
0.272
0.662
0.527
0.474
0.594
0.397
0.681
0.388
0.622
0.172
0.440
0.481
0.287
0.426
0.512
0.185
0.743
0.654
0.370
0.352
0.593
0.479
0.405
0.593
0.436
0.442
0.488
0.545
0.557
0.545
0.424
0.571
0.584
0.581
0.594
0.337
0.322
0.706
0.410
0.507
0.438
0.294
0.327
0.478
0.505
0.441
0.329
0.746
0.518
0.325
0.519
0.385
0.641
0.427
0.457
0.359
0.595
0.609
0.458
0.308
0.533
0.509
0.413
0.437
0.344
0.689
0.429
0.685
0.489
0.365
0.292
0.571
0.534
0.436
0.217
0.312
0.472
0.490
0.466
0.288
0.561
0.449
0.628
0.544
0.496
0.601
0.283
0.713
0.440
0.349
0.464
0.514
0.561
0.572
0.583
0.372
0.492
0.605
0.649
0.406
0.508
0.535
0.571
0.302
0.457
0.454
0.306
0.429
0.516
0.512
0.356
0.550
0.605
0.392
0.578
0.508
0.401
0.539
0.549
0.373
0.516
0.663
0.315
0.648
0.376
0.442
0.352
0.718
0.353
0.564
0.560
0.512
0.617
0.481
0.352
0.430
0.355
0.756
0.274
0.497
0.398
0.432
0.419
0.640
0.480
0.498
0.550
0.411
0.654
0.504
0.480
0.638
0.701
0.432
0.447
0.574
0.474
0.511
0.443
0.340
0.704
0.577
0.471
0.859
0.524
0.572
0.318
0.578
0.417
0.305
0.544
0.552
0.361
0.583
0.341
0.478
0.385
0.673
0.571
0.537
0.512
0.311
0.621
0.362
0.435
0.552
0.578
0.536
0.590
0.478
0.540
0.426
0.830
0.453
0.361
0.413
0.509
0.443
0.642
0.478
0.404
0.446
0.598
0.514
0.504
0.433
0.560
0.605
0.386
0.440
0.520
0.322
0.351
0.523
0.468
0.558
0.499
0.340
0.363
0.366
0.484
0.447
0.511
0.443
0.560
0.416
0.668
0.430
0.392
0.475
0.402
0.485
0.250
0.511
0.427
0.344
0.619
0.399
0.431
0.418
0.402
0.625
0.367
0.504
0.522
0.516
0.418
0.481
0.413
0.273
0.706
0.461
0.366
0.493
0.552
0.387
0.735
0.357
0.587
0.405
0.448
0.570
0.322
0.337
0.552
0.445
0.461
0.333
0.453
0.485
0.443
0.506
0.520
0.502
0.467
0.428
0.530
0.534
0.453
0.412
0.638
0.575
0.403
0.378
0.679
0.460
0.654
0.364
0.650
0.387
0.411
0.642
0.362
0.512
0.339
0.551
0.548
0.265
0.508
0.450
0.664
0.377
0.552
0.524
0.685
0.397
0.591
0.301
0.520
0.601
0.555
0.400
0.459
0.424
0.695
0.513
0.408
0.375
0.368
0.636
0.511
0.373
0.356
0.485
0.481
0.517
0.569
0.374
0.550
0.572
0.441
0.383
0.616
0.485
0.684
0.394
0.475
0.439
0.518
0.414
0.442
0.376
0.309
0.419
0.630
0.597
0.362
0.346
0.652
0.347
0.396
0.495
0.467
0.521
0.544
0.359
0.459
0.565
0.748
0.385
0.502
0.402
0.458
0.510
0.528
0.473
0.335
0.446
0.437
0.537
0.342
0.482
0.475
0.507
0.541
0.369
0.468
0.450
0.549
0.512
0.481
0.592
0.313
0.579
0.755
0.488
0.245
0.534
0.567
0.575
0.214
0.442
0.455
0.628
0.414
0.675
0.554
0.546
0.506
0.472
0.337
0.391
0.374
0.612
0.507
0.485
0.608
0.450
0.415
0.344
0.469
0.453
0.509
0.447
0.608
0.353
0.452
0.458
0.348
0.472
0.306
0.381
0.553
0.424
0.605
0.511
0.403
0.632
0.472
0.429
0.482
0.645
0.794
0.527
0.606
0.388
0.700
0.625
0.394
0.450
0.469
0.694
0.460
0.472
0.392
0.467
0.666
0.620
0.152
0.494
0.469
0.453
0.416
0.410
0.622
0.382
0.616
0.465
0.572
0.429
0.375
0.579
0.466
0.563
0.606
0.522
0.500
0.568
0.372
0.375
0.562
0.561
0.532
0.115
0.480
0.399
0.512
0.282
0.272
0.624
0.595
0.618
0.346
0.230
0.336
0.629
0.655
0.438
0.572
0.514
0.484
0.528
0.392
0.557
0.379
0.576
0.546
0.357
0.420
0.476
0.741
0.486
0.394
0.377
0.634
0.602
0.522
0.596
0.383
0.450
0.512
0.534
0.524
0.675
0.524
0.437
0.265
0.400
0.428
0.505
0.371
0.389
0.473
0.503
0.476
0.820
0.314
0.390
0.330
0.427
0.584
0.401
0.467
0.515
0.475
0.285
0.470
0.386
0.541
0.563
0.524
0.465
0.491
0.462
0.497
0.398
0.453
0.465
0.578
0.511
0.328
0.502
0.453
0.539
0.365
0.592
0.205
0.538
0.621
0.355
0.367
0.223
0.587
0.529
0.470
0.546
0.513
0.684
0.475
0.451
0.502
0.444
0.542
0.619
0.272
0.595
0.406
0.526
0.220
0.557
0.457
0.508
0.574
0.671
0.306
0.413
0.438
0.591
0.661
0.539
0.371
0.437
0.560
0.418
0.504
0.283
0.340
0.573
0.394
0.419
0.487
0.357
0.560
0.584
0.225
0.693
0.467
0.557
0.558
0.298
0.366
0.585
0.595
0.237
0.507
0.532
0.538
0.636
0.531
0.705
0.681
0.383
0.503
0.587
0.403
0.607
0.570
0.471
0.591
0.298
0.562
0.630
0.482
0.511
0.423
0.487
0.503
0.272
0.500
0.510
0.604
0.506
0.557
0.416
0.473
0.498
0.467
0.473
0.605
0.495
0.379
0.605
0.582
0.424
0.570
0.524
0.496
0.448
0.502
0.531
0.387
0.546
0.375
0.547
0.653
0.423
0.279
0.396
0.763
0.590
0.361
0.489
0.338
0.561
0.574
0.483
0.392
0.554
0.583
0.547
0.107
0.402
0.413
0.557
0.624
0.476
0.446
0.602
0.570
0.398
0.247
0.483
0.518
0.491
0.421
0.353
0.470
0.343
0.466
0.326
0.394
0.494
0.490
0.307
0.709
0.387
0.409
0.443
0.349
0.360
0.329
0.578
0.527
0.522
0.540
0.426
0.491
0.537
0.470
0.605
0.544
0.658
0.354
0.431
0.372
0.578
0.627
0.547
0.425
0.384
0.543
0.386
0.688
0.415
0.348
0.462
0.512
0.741
0.309
0.600
0.548
0.541
0.209
0.418
0.549
0.427
0.514
0.408
0.455
0.441
0.471
0.318
0.440
0.386
0.410
0.409
0.540
0.533
0.569
0.617
0.665
0.546
0.361
0.252
0.550
0.684
0.380
0.425
0.328
0.620
0.601
0.466
0.367
0.375
0.445
0.526
0.281
0.446
0.447
0.491
0.508
0.435
0.420
0.454
0.401
0.334
0.406
0.528
0.373
0.612
0.650
0.289
0.564
0.400
0.479
0.550
0.322
0.720
0.343
0.622
0.251
0.440
0.542
0.677
0.524
0.505
0.350
0.355
0.556
0.492
0.253
0.359
0.450
0.475
0.285
0.546
0.359
0.477
0.218
0.417
0.418
0.410
0.376
0.655
0.350
0.334
0.379
0.339
0.552
0.545
0.520
0.427
0.361
0.413
0.540
0.362
0.441
0.596
0.455
0.348
0.404
0.457
0.681
0.490
0.473
0.675
0.470
0.441
0.658
0.606
0.509
0.395
0.567
0.453
0.358
0.682
0.424
0.581
0.596
0.399
0.292
0.581
0.607
0.678
0.423
0.373
0.792
0.269
0.493
0.386
0.290
0.662
0.568
0.610
0.407
0.459
0.539
0.320
0.584
0.346
0.466
0.543
0.420
0.511
0.538
0.555
0.561
0.306
0.485
0.592
0.663
0.581
0.399
0.548
0.467
0.625
0.712
0.341
0.525
0.471
0.599
0.369
0.589
0.652
0.475
0.638
0.477
0.342
0.514
0.748
0.565
0.492
0.254
0.549
0.727
0.437
0.542
0.470
0.546
0.429
0.450
0.657
0.376
0.674
0.491
0.422
0.450
0.308
0.645
0.535
0.575
0.558
0.211
0.549
0.489
0.482
0.644
0.357
0.539
0.634
0.357
0.608
0.594
0.411
0.645
0.216
0.304
0.594
0.411
0.419
0.461
0.358
0.562
0.393
0.553
0.443
0.529
0.473
0.469
0.518
0.372
0.509
0.503
0.442
0.293
0.361
0.311
0.732
0.409
0.532
0.726
0.543
0.392
0.380
0.326
0.513
0.563
0.695
0.334
0.422
0.508
0.647
0.535
0.649
0.420
0.527
0.573
0.535
0.390
0.486
0.585
0.409
0.559
0.393
0.375
0.594
0.318
0.496
0.496
0.591
0.513
0.551
0.465
0.464
0.428
0.481
0.553
0.524
0.440
0.550
0.394
0.559
0.560
0.602
0.335
0.438
0.327
0.371
0.463
0.699
0.713
0.293
0.522
0.500
0.278
0.543
0.436
0.370
0.603
0.612
0.674
0.332
0.444
0.404
0.805
0.397
0.553
0.486
0.702
0.388
0.415
0.427
0.271
0.619
0.483
0.452
0.359
0.505
0.648
0.435
0.554
0.326
0.538
0.583
0.535
0.378
0.460
0.399
0.603
0.496
0.591
0.354
0.634
0.598
0.482
0.376
0.575
0.578
0.465
0.375
0.380
0.374
0.549
0.398
0.457
0.569
0.453
0.459
0.555
0.292
0.553
0.482
0.603
0.566
0.342
0.540
0.327
0.543
0.431
0.471
0.723
0.668
0.386
0.411
0.245
0.404
0.413
0.513
0.575
0.441
0.559
0.491
0.406
0.333
0.505
0.569
0.436
0.339
0.573
0.318
0.494
0.399
0.391
0.736
0.468
0.557
0.595
0.341
0.694
0.627
0.507
0.569
0.378
0.439
0.588
0.542
0.442
0.525
0.452
0.490
0.479
0.352
0.506
0.525
0.380
0.540
0.484
0.508
0.646
0.361
0.510
0.712
0.315
0.579
0.401
0.414
0.445
0.413
0.520
0.758
0.524
0.447
0.563
0.498
0.489
0.420
0.393
0.259
0.435
0.508
0.561
0.507
0.398
0.516
0.560
0.498
0.541
0.525
0.383
0.601
0.436
0.521
0.553
0.576
0.553
0.417
0.321
0.500
0.497
0.532
0.586
0.671
0.413
0.417
0.495
0.395
0.469
0.692
0.441
0.325
0.276
0.545
0.630
0.464
0.601
0.612
0.593
0.447
0.495
0.414
0.359
0.423
0.560
0.426
0.385
0.409
0.607
0.418
0.572
0.446
0.423
0.460
0.665
0.399
0.493
0.417
0.587
0.501
0.346
0.368
0.328
0.569
0.651
0.368
0.513
0.569
0.767
0.580
0.440
0.425
0.572
0.552
0.397
0.484
0.427
0.443
0.623
0.428
0.507
0.564
0.541
0.338
0.240
0.289
0.471
0.546
0.305
0.368
0.495
0.442
0.292
0.452
0.503
0.435
0.453
0.631
0.361
0.592
0.412
0.496
0.479
0.464
0.450
0.418
0.527
0.762
0.628
0.411
0.366
0.535
0.828
0.230
0.469
0.864
0.664
0.413
0.418
0.444
0.602
0.615
0.620
0.624
0.354
0.661
0.412
0.340
0.471
0.450
0.602
0.423
0.522
0.379
0.610
0.814
0.240
0.458
0.394
0.542
0.658
0.656
0.527
0.602
0.356
0.477
0.474
0.638
0.593
0.576
0.791
0.533
0.465
0.701
0.707
0.407
0.366
0.425
0.397
0.531
0.648
0.421
0.404
0.470
0.416
0.443
0.414
0.691
0.417
0.432
0.354
0.590
0.663
0.382
0.317
0.509
0.678
0.694
0.470
0.689
0.456
0.318
0.496
0.475
0.414
0.580
0.416
0.324
0.518
0.386
0.609
0.355
0.602
0.568
0.310
0.538
0.399
0.476
0.486
0.388
0.414
0.731
0.344
0.569
0.500
0.588
0.382
0.704
0.408
0.570
0.496
0.378
0.630
0.507
0.563
0.497
0.562
0.391
0.613
0.275
0.550
0.714
0.479
0.641
0.421
0.485
0.492
0.403
0.436
0.464
0.652
0.483
0.600
0.573
0.393
0.587
0.321
0.490
0.413
0.558
0.475
0.541
0.353
0.445
0.551
0.414
0.440
0.442
0.516
0.619
0.539
0.452
0.376
0.256
0.743
0.353
0.575
0.540
0.375
0.635
0.451
0.494
0.528
0.587
0.614
0.545
0.407
0.555
0.443
0.629
0.403
0.222
0.416
0.539
0.458
0.312
0.522
0.553
0.604
0.372
0.348
0.357
0.577
0.622
0.613
0.370
0.518
0.469
0.561
0.676
0.605
0.441
0.595
0.484
0.441
0.403
0.573
0.508
0.237
0.310
0.441
0.376
0.605
0.529
0.486
0.410
0.664
0.880
0.478
0.462
0.553
0.555
0.514
0.415
0.500
0.371
0.620
0.553
0.389
0.569
0.569
0.616
0.516
0.485
0.471
0.378
0.504
0.368
0.282
0.441
0.809
0.487
0.421
0.432
0.537
0.360
0.490
0.421
0.452
0.449
0.474
0.485
0.489
0.487
0.657
0.690
0.522
0.254
0.618
0.491
0.395
0.393
0.440
0.241
0.554
0.509
0.442
0.619
0.566
0.717
0.418
0.465
0.491
0.445
0.493
0.380
0.414
0.331
0.544
0.526
0.335
0.273
0.396
0.594
0.542
0.489
0.496
0.577
0.753
0.596
0.477
0.347
0.486
0.592
0.428
0.447
0.553
0.762
0.540
0.563
0.470
0.495
0.617
0.533
0.408
0.391
0.431
0.572
0.595
0.180
0.491
0.438
0.358
0.457
0.555
0.294
0.522
0.322
0.532
0.456
0.460
0.578
0.536
0.469
0.191
0.633
0.460
0.466
0.485
0.496
0.655
0.519
0.438
0.358
0.523
0.625
0.616
0.238
0.334
0.393
0.421
0.602
0.296
0.484
0.515
0.531
0.701
0.622
0.321
0.623
0.696
0.444
0.356
0.581
0.521
0.406
0.288
0.372
0.457
0.611
0.415
0.673
0.442
0.713
0.550
0.484
0.479
0.507
0.390
0.582
0.554
0.475
0.437
0.451
0.596
0.446
0.424
0.641
0.640
0.506
0.470
0.515
0.360
0.426
0.289
0.520
0.507
0.526
0.358
0.477
0.296
0.403
0.595
0.398
0.612
0.427
0.374
0.715
0.518
0.284
0.325
0.470
0.524
0.394
0.484
0.550
0.754
0.391
0.525
0.416
0.564
0.599
0.414
0.535
0.508
0.410
0.655
0.521
0.408
0.441
0.620
0.519
0.535
0.349
0.435
0.537
0.575
0.474
0.430
0.478
0.432
0.499
0.366
0.393
0.417
0.693
0.501
0.563
0.657
0.603
0.391
0.465
0.384
0.561
0.340
0.509
0.411
0.416
0.337
0.549
0.469
0.545
0.467
0.549
0.452
0.558
0.318
0.492
0.529
0.568
0.520
0.506
0.845
0.452
0.684
0.606
0.286
0.566
0.552
0.527
0.652
0.417
0.414
0.637
0.575
0.587
0.539
0.454
0.575
0.403
0.512
0.455
0.694
0.661
0.313
0.468
0.271
0.606
0.501
0.347
0.509
0.418
0.676
0.558
0.284
0.395
0.489
0.610
0.684
0.426
0.354
0.428
0.532
0.534
0.366
0.540
0.422
0.351
0.457
0.244
0.448
0.676
0.747
0.409
0.523
0.632
0.595
0.571
0.455
0.401
0.617
0.599
0.319
0.429
0.488
0.345
0.457
0.543
0.521
0.561
0.469
0.580
0.382
0.421
0.535
0.530
0.528
0.346
0.394
0.549
0.556
0.393
0.596
0.407
0.358
0.357
0.613
0.459
0.495
0.479
0.629
0.402
0.428
0.545
0.444
0.551
0.337
0.461
0.569
0.527
0.340
0.534
0.440
0.541
0.575
0.415
0.306
0.367
0.472
0.326
0.566
0.645
0.533
0.588
0.640
0.259
0.438
0.668
0.538
0.572
0.710
0.506
0.529
0.447
0.648
0.180
0.575
0.489
0.622
0.261
0.404
0.456
0.548
0.564
0.373
0.422
0.347
0.611
0.445
0.429
0.524
0.423
0.828
0.413
0.545
0.512
0.433
0.541
0.354
0.503
0.536
0.601
0.368
0.403
0.492
0.569
0.666
0.567
0.465
0.370
0.520
0.484
0.428
0.373
0.656
0.442
0.433
0.450
0.431
0.460
0.545
0.270
0.471
0.436
0.524
0.620
0.413
0.519
0.442
0.616
0.533
0.352
0.636
0.696
0.522
0.419
0.448
0.550
0.370
0.633
0.736
0.230
0.416
0.513
0.471
0.485
0.454
0.423
0.612
0.433
0.632
0.360
0.484
0.298
0.514
0.485
0.449
0.641
0.525
0.625
0.478
0.420
0.532
0.577
0.697
0.490
0.476
0.566
0.454
0.456
0.520
0.425
0.436
0.655
0.576
0.333
0.542
0.599
0.803
0.319
0.538
0.553
0.458
0.450
0.184
0.467
0.279
0.536
0.400
0.456
0.502
0.519
0.136
0.406
0.451
0.443
0.741
0.375
0.602
0.548
0.440
0.852
0.320
0.609
0.604
0.602
0.385
0.358
0.560
0.240
0.514
0.455
0.397
0.777
0.551
0.555
0.470
0.508
0.305
0.559
0.415
0.520
0.475
0.368
0.693
0.517
0.429
0.214
0.607
0.553
0.352
0.456
0.481
0.626
0.483
0.351
0.410
0.546
0.470
0.394
0.306
0.397
0.592
0.488
0.533
0.317
0.325
0.509
0.488
0.573
0.352
0.617
0.456
0.302
0.631
0.552
0.272
0.633
0.611
0.293
0.445
0.441
0.533
0.514
0.434
0.491
0.686
0.553
0.344
0.423
0.452
0.563
0.502
0.514
0.540
0.290
0.499
0.654
0.280
0.597
0.622
0.430
0.506
0.307
0.465
0.480
0.674
0.535
0.354
0.378
0.605
0.557
0.462
0.472
0.384
0.756
0.469
0.408
0.438
0.566
0.543
0.538
0.418
0.512
0.347
0.456
0.516
0.289
0.525
0.640
0.638
0.576
0.451
0.564
0.504
0.530
0.453
0.557
0.508
0.649
0.390
0.322
0.378
0.532
0.607
0.498
0.712
0.434
0.484
0.505
0.573
0.328
0.494
0.597
0.496
0.430
0.444
0.589
0.320
0.577
0.522
0.476
0.705
0.539
0.587
0.269
0.482
0.326
0.508
0.364
0.624
0.347
0.741
0.634
0.392
0.453
0.635
0.450
0.728
0.310
0.541
0.329
0.550
0.397
0.540
0.560
0.647
0.457
0.372
0.364
0.516
0.563
0.458
0.394
0.451
0.578
0.428
0.454
0.271
0.407
0.618
0.411
0.356
0.722
0.416
0.523
0.377
0.432
0.472
0.662
0.617
0.580
0.592
0.390
0.639
0.480
0.489
0.469
0.340
0.504
0.775
0.363
0.516
0.512
0.472
0.503
0.520
0.429
0.394
0.560
0.358
0.430
0.363
0.406
0.408
0.440
0.280
0.558
0.661
0.478
0.260
0.275
0.644
0.598
0.580
0.433
0.474
0.738
0.411
0.372
0.543
0.630
0.372
0.480
0.613
0.304
0.714
0.547
0.585
0.585
0.514
0.451
0.629
0.494
0.609
0.373
0.474
0.641
0.415
0.447
0.555
0.575
0.738
0.309
0.374
0.571
0.509
0.535
0.325
0.427
0.346
0.450
0.403
0.313
0.377
0.523
0.530
0.425
0.542
0.490
0.616
0.420
0.424
0.579
0.699
0.541
0.575
0.403
0.383
0.591
0.375
0.575
0.456
0.449
0.525
0.419
0.487
0.519
0.241
0.300
0.474
0.520
0.633
0.695
0.469
0.579
0.508
0.351
0.578
0.467
0.719
0.201
0.316
0.766
0.560
0.493
0.340
0.534
0.726
0.487
0.644
0.366
0.470
0.477
0.347
0.468
0.428
0.708
0.781
0.461
0.529
0.548
0.536
0.532
0.443
0.528
0.685
0.387
0.519
0.374
0.422
0.534
0.596
0.514
0.677
0.386
0.578
0.666
0.323
0.481
0.729
0.628
0.449
0.433
0.543
0.466
0.695
0.287
0.413
0.428
0.638
0.723
0.174
0.498
0.659
0.407
0.448
0.464
0.526
0.431
0.491
0.460
0.336
0.554
0.416
0.686
0.522
0.482
0.549
0.703
0.435
0.477
0.422
0.560
0.606
0.382
0.504
0.304
0.518
0.805
0.480
0.483
0.266
0.399
0.565
0.452
0.470
0.409
0.550
0.427
0.460
0.504
0.355
0.539
0.396
0.624
0.453
0.384
0.645
0.416
0.537
0.510
0.570
0.457
0.417
0.314
0.284
0.489
0.519
0.520
0.451
0.405
0.350
0.627
0.149
0.346
0.648
0.496
0.598
0.430
0.355
0.507
0.347
0.356
0.392
0.551
0.635
0.424
0.468
0.578
0.639
0.540
0.403
0.449
0.555
0.405
0.431
0.554
0.359
0.493
0.438
0.729
0.492
0.517
0.541
0.460
0.556
0.421
0.521
0.582
0.610
0.559
0.512
0.403
0.596
0.590
0.380
0.428
0.433
0.422
0.608
0.461
0.543
0.477
0.452
0.421
0.253
0.457
0.459
0.489
0.591
0.587
0.606
0.452
0.512
0.429
0.511
0.455
0.675
0.607
0.337
0.556
0.557
0.417
0.530
0.608
0.415
0.656
0.496
0.456
0.374
0.374
0.397
0.417
0.534
0.581
0.179
0.593
0.706
0.506
0.588
0.583
0.440
0.489
0.335
0.304
0.709
0.620
0.341
0.266
0.558
0.559
0.407
0.561
0.402
0.495
0.431
0.551
0.383
0.494
0.462
0.409
0.444
0.578
0.264
0.643
0.485
0.457
0.411
0.604
0.779
0.382
0.318
0.530
0.522
0.534
0.619
0.328
0.505
0.636
0.417
0.472
0.445
0.459
0.662
0.502
0.455
0.557
0.400
0.392
0.573
0.421
0.357
0.463
0.434
0.427
0.526
0.347
0.599
0.516
0.358
0.506
0.378
0.496
0.554
0.364
0.543
0.439
0.424
0.515
0.456
0.396
0.632
0.675
0.463
0.418
0.676
0.758
0.562
0.730
0.398
0.445
0.545
0.554
0.567
0.414
0.541
0.560
0.681
0.592
0.515
0.640
0.438
0.578
0.280
0.453
0.312
0.653
0.370
0.330
0.413
0.547
0.577
0.379
0.558
0.510
0.397
0.657
0.553
0.751
0.562
0.524
0.458
0.204
0.589
0.408
0.561
0.272
0.531
0.506
0.631
0.573
0.562
0.595
0.267
0.372
0.514
0.362
0.498
0.551
0.564
0.441
0.399
0.686
0.277
0.530
0.348
0.320
0.493
0.669
0.464
0.322
0.439
0.577
0.543
0.504
0.354
0.576
0.407
0.365
0.650
0.305
0.503
0.646
0.560
0.350
0.436
0.391
0.542
0.623
0.523
0.409
0.554
0.639
0.369
0.415
0.440
0.518
0.661
0.503
0.407
0.496
0.531
0.532
0.520
0.442
0.822
0.370
0.547
0.483
0.505
0.703
0.521
0.614
0.409
0.695
0.498
0.643
0.641
0.324
0.500
0.491
0.481
0.496
0.440
0.400
0.730
0.401
0.510
0.484
0.485
0.630
0.543
0.512
0.340
0.445
0.779
0.290
0.393
0.581
0.668
0.696
0.489
0.277
0.323
0.497
0.285
0.250
0.468
0.447
0.538
0.592
0.295
0.417
0.545
0.714
0.542
0.463
0.455
0.502
0.385
0.533
0.298
0.474
0.588
0.558
0.557
0.361
0.418
0.754
0.588
0.570
0.417
0.263
0.563
0.548
0.403
0.812
0.621
0.784
0.429
0.595
0.565
0.556
0.575
0.361
0.579
0.478
0.589
0.569
0.423
0.453
0.285
0.652
0.525
0.432
0.489
0.442
0.497
0.534
0.523
0.448
0.630
0.546
0.512
0.375
0.587
0.619
0.481
0.416
0.576
0.505
0.714
0.486
0.460
0.289
0.392
0.499
0.436
0.520
0.513
0.467
0.320
0.566
0.521
0.438
0.351
0.335
0.533
0.260
0.411
0.511
0.615
0.450
0.369
0.630
0.452
0.551
0.563
0.646
0.497
0.558
0.405
0.502
0.388
0.422
0.517
0.556
0.384
0.498
0.456
0.568
0.669
0.477
0.412
0.587
0.490
0.459
0.285
0.487
0.625
0.371
0.568
0.501
0.743
0.415
0.412
0.495
0.608
0.362
0.456
0.449
0.376
0.563
0.457
0.412
0.385
0.585
0.425
0.422
0.554
0.425
0.357
0.592
0.312
0.431
0.470
0.704
0.485
0.261
0.486
0.590
0.444
0.457
0.482
0.412
0.460
0.670
0.460
0.383
0.443
0.266
0.469
0.497
0.574
0.420
0.646
0.528
0.391
0.362
0.529
0.731
0.574
0.565
0.303
0.539
0.526
0.584
0.590
0.400
0.507
0.446
0.612
0.492
0.380
0.525
0.591
0.539
0.592
0.458
0.445
0.482
0.460
0.596
0.433
0.539
0.690
0.552
0.599
0.202
0.548
0.655
0.385
0.307
0.548
0.465
0.729
0.592
0.437
0.382
0.737
0.408
0.677
0.325
0.515
0.658
0.627
0.360
0.552
0.663
0.538
0.583
0.405
0.514
0.503
0.623
0.553
0.497
0.657
0.623
0.601
0.318
0.383
0.475
0.497
0.521
0.361
0.381
0.561
0.419
0.475
0.501
0.300
0.610
0.512
0.387
0.638
0.547
0.457
0.574
0.230
0.596
0.728
0.606
0.740
0.587
0.630
0.411
0.439
0.355
0.502
0.583
0.363
0.480
0.477
0.638
0.392
0.516
0.353
0.526
0.362
0.763
0.320
0.261
0.574
0.583
0.664
0.350
0.323
0.612
0.539
0.504
0.755
0.374
0.453
0.630
0.595
0.339
0.477
0.560
0.691
0.732
0.440
0.400
0.481
0.616
0.470
0.572
0.377
0.557
0.570
0.159
0.532
0.724
0.427
0.534
0.250
0.432
0.409
0.354
0.462
0.393
0.471
0.580
0.461
0.221
0.526
0.603
0.621
0.303
0.581
0.492
0.714
0.634
0.382
0.465
0.570
0.560
0.561
0.275
0.650
0.615
0.612
0.550
0.248
0.665
0.744
0.396
0.570
0.448
0.465
0.623
0.401
0.423
0.459
0.443
0.626
0.306
0.393
0.569
0.391
0.525
0.478
0.437
0.554
0.520
0.373
0.622
0.498
0.480
0.588
0.703
0.501
0.736
0.795
0.248
0.595
0.461
0.434
0.629
0.394
0.401
0.428
0.600
0.655
0.202
0.565
0.599
0.427
0.670
0.376
0.583
0.548
0.549
0.517
0.426
0.658
0.529
0.689
0.614
0.344
0.518
0.547
0.538
0.625
0.395
0.463
0.646
0.208
0.395
0.405
0.709
0.414
0.392
0.371
0.680
0.602
0.683
0.291
0.484
0.647
0.551
0.447
0.420
0.630
0.434
0.527
0.654
0.400
0.503
0.711
0.296
0.455
0.488
0.341
0.638
0.496
0.597
0.453
0.433
0.501
0.293
0.333
0.666
0.510
0.472
0.450
0.423
0.661
0.499
0.588
0.191
0.515
0.669
0.334
0.263
0.560
0.608
0.535
0.421
0.617
0.371
0.530
0.647
0.277
0.434
0.547
0.594
0.449
0.441
0.631
0.632
0.395
0.423
0.406
0.821
0.436
0.481
0.321
0.461
0.648
0.553
0.464
0.493
0.436
0.514
0.659
0.278
0.345
0.442
0.564
0.447
0.335
0.400
0.494
0.337
0.644
0.326
0.321
0.760
0.563
0.285
0.373
0.606
0.604
0.438
0.343
0.428
0.715
0.520
0.614
0.529
0.430
0.591
0.487
0.302
0.447
0.469
0.480
0.563
0.206
0.525
0.494
0.760
0.427
0.419
0.393
0.416
0.500
0.597
0.535
0.398
0.397
0.516
0.460
0.389
0.725
0.426
0.422
0.490
0.575
0.459
0.537
0.402
0.350
0.724
0.595
0.550
0.468
0.503
0.537
0.496
0.447
0.454
0.597
0.594
0.375
0.338
0.349
0.545
0.495
0.387
0.320
0.546
0.458
0.647
0.547
0.525
0.536
0.572
0.577
0.209
0.330
0.392
0.477
0.716
0.182
0.789
0.603
0.427
0.428
0.507
0.583
0.570
0.435
0.445
0.404
0.451
0.430
0.293
0.246
0.467
0.539
0.397
0.270
0.505
0.562
0.613
0.336
0.358
0.493
0.666
0.379
0.523
0.431
0.599
0.586
0.278
0.450
0.483
0.464
0.655
0.317
0.417
0.441
0.580
0.518
0.518
0.400
0.609
0.537
0.459
0.433
0.487
0.569
0.648
0.416
0.387
0.515
0.703
0.577
0.231
0.684
0.650
0.543
0.355
0.269
0.562
0.446
0.488
0.283
0.398
0.726
0.265
0.481
0.468
0.425
0.566
0.631
0.253
0.498
0.683
0.507
0.433
0.699
0.295
0.568
0.352
0.478
0.557
0.625
0.647
0.422
0.251
0.639
0.587
0.507
0.477
0.432
0.655
0.502
0.337
0.409
0.503
0.415
0.708
0.321
0.476
0.588
0.587
0.393
0.443
0.205
0.446
0.578
0.424
0.410
0.545
0.510
0.413
0.659
0.159
0.407
0.534
0.568
0.314
0.534
0.653
0.568
0.424
0.428
0.636
0.451
0.651
0.624
0.324
0.419
0.510
0.512
0.434
0.487
0.639
0.638
0.514
0.236
0.526
0.485
0.511
0.608
0.452
0.502
0.652
0.449
0.435
0.354
0.535
0.624
0.585
0.406
0.542
0.555
0.452
0.386
0.323
0.517
0.621
0.557
0.505
0.535
0.443
0.447
0.286
0.450
0.569
0.661
0.594
0.326
0.350
0.518
0.572
0.450
0.431
0.503
0.528
0.549
0.434
0.407
0.548
0.449
0.553
0.425
0.422
0.636
0.756
0.536
0.417
0.506
0.504
0.645
0.566
0.365
0.580
0.575
0.310
0.475
0.340
0.567
0.583
0.454
0.700
0.405
0.659
0.528
0.397
0.563
0.286
0.543
0.502
0.279
0.442
0.384
0.805
0.512
0.495
0.518
0.719
0.667
0.552
0.473
0.465
0.595
0.321
0.498
0.670
0.645
0.689
0.305
0.526
0.575
0.509
0.408
0.351
0.515
0.601
0.398
0.336
0.513
0.466
0.537
0.521
0.445
0.263
0.625
0.574
0.495
0.285
0.534
0.407
0.712
0.409
0.329
0.551
0.452
0.525
0.346
0.617
0.612
0.447
0.428
0.336
0.680
0.655
0.469
0.389
0.508
0.573
0.407
0.530
0.419
0.710
0.394
0.522
0.392
0.455
0.582
0.603
0.451
0.549
0.350
0.528
0.443
0.403
0.366
0.701
0.402
0.321
0.485
0.355
0.751
0.496
0.325
0.414
0.368
0.591
0.458
0.411
0.556
0.596
0.488
0.514
0.289
0.427
0.451
0.626
0.451
0.438
0.396
0.490
0.485
0.372
0.388
0.572
0.490
0.505
0.456
0.507
0.442
0.612
0.348
0.392
0.534
0.441
0.714
0.388
0.529
0.565
0.652
0.798
0.527
0.436
0.399
0.625
0.590
0.375
0.463
0.498
0.551
0.529
0.440
0.671
0.449
0.624
0.417
0.478
0.366
0.556
0.383
0.513
0.380
0.472
0.511
0.439
0.272
0.426
0.632
0.627
0.600
0.489
0.511
0.598
0.544
0.604
0.616
0.640
0.650
0.574
0.293
0.478
0.532
0.552
0.453
0.366
0.452
0.569
0.542
0.316
0.340
0.455
0.490
0.519
0.507
0.476
0.521
0.590
0.408
0.295
0.429
0.758
0.507
0.354
0.587
0.358
0.609
0.571
0.251
0.341
0.633
0.516
0.426
0.485
0.373
0.505
0.589
0.585
0.531
0.558
0.567
0.606
0.633
0.235
0.527
0.449
0.489
0.379
0.652
0.607
0.315
0.256
0.443
0.439
0.424
0.463
0.423
0.523
0.444
0.378
0.415
0.441
0.484
0.490
0.541
0.515
0.316
0.224
0.532
0.624
0.464
0.560
0.397
0.609
0.610
0.386
0.527
0.444
0.644
0.343
0.385
0.356
0.607
0.685
0.375
0.597
0.251
0.541
0.636
0.359
0.641
0.407
0.535
0.679
0.238
0.399
0.474
0.480
0.280
0.603
0.324
0.483
0.664
0.521
0.578
0.556
0.596
0.424
0.562
0.351
0.633
0.340
0.553
0.311
0.488
0.469
0.579
0.820
0.569
0.542
0.755
0.477
0.466
0.287
0.689
0.543
0.423
0.422
0.544
0.417
0.667
0.487
0.364
0.538
0.485
0.469
0.450
0.497
0.394
0.741
0.433
0.584
0.373
0.377
0.767
0.451
0.461
0.377
0.796
0.716
0.486
0.436
0.434
0.484
0.409
0.571
0.404
0.621
0.603
0.697
0.362
0.559
0.642
0.503
0.468
0.410
0.425
0.541
0.512
0.482
0.465
0.417
0.736
0.456
0.469
0.360
0.406
0.636
0.614
0.528
0.192
0.338
0.464
0.657
0.539
0.340
0.436
0.601
0.566
0.468
0.407
0.694
0.489
0.482
0.354
0.431
0.582
0.578
0.283
0.451
0.693
0.394
0.534
0.623
0.278
0.668
0.472
0.659
0.363
0.471
0.567
0.569
0.573
0.512
0.598
0.540
0.522
0.488
0.477
0.515
0.472
0.539
0.501
0.386
0.726
0.398
0.527
0.645
0.302
0.505
0.456
0.326
0.411
0.623
0.573
0.467
0.450
0.450
0.563
0.458
0.471
0.438
0.497
0.453
0.441
0.381
0.504
0.662
0.441
0.357
0.405
0.487
0.509
0.694
0.303
0.276
0.506
0.503
0.622
0.451
0.631
0.474
0.632
0.533
0.579
0.581
0.611
0.437
0.523
0.321
0.564
0.534
0.467
0.583
0.422
0.527
0.562
0.489
0.571
0.511
0.389
0.701
0.497
0.173
0.634
0.526
0.595
0.296
0.437
0.514
0.625
0.420
0.525
0.541
0.410
0.599
0.430
0.603
0.521
0.434
0.542
0.482
0.449
0.652
0.606
0.607
0.460
0.294
0.494
0.585
0.468
0.713
0.443
0.656
0.433
0.490
0.375
0.425
0.598
0.461
0.543
0.469
0.597
0.595
0.420
0.414
0.359
0.565
0.678
0.620
0.334
0.560
0.641
0.477
0.496
0.235
0.543
0.626
0.384
0.655
0.270
0.193
0.494
0.600
0.353
0.529
0.600
0.588
0.424
0.371
0.486
0.535
0.631
0.394
0.328
0.638
0.578
0.617
0.346
0.448
0.588
0.427
0.439
0.401
0.443
0.614
0.363
0.510
0.367
0.510
0.701
0.582
0.568
0.393
0.585
0.601
0.620
0.459
0.754
0.470
0.827
0.415
0.439
0.326
0.486
0.693
0.228
0.610
0.450
0.722
0.576
0.355
0.294
0.519
0.531
0.433
0.306
0.440
0.347
0.264
0.529
0.546
0.356
0.605
0.752
0.346
0.454
0.774
0.661
0.356
0.365
0.403
0.540
0.736
0.314
0.598
0.525
0.690
0.671
0.361
0.285
0.625
0.650
0.646
0.294
0.421
0.518
0.566
0.631
0.235
0.411
0.555
0.513
0.531
0.251
0.549
0.471
0.429
0.464
0.507
0.300
0.448
0.408
0.558
0.388
0.552
0.609
0.540
0.552
0.477
0.560
0.578
0.247
0.469
0.650
0.515
0.648
0.430
0.309
0.573
0.553
0.561
0.435
0.434
0.715
0.470
0.346
0.476
0.550
0.479
0.530
0.594
0.497
0.599
0.701
0.492
0.273
0.482
0.385
0.562
0.306
0.434
0.369
0.549
0.536
0.344
0.380
0.549
0.389
0.385
0.496
0.494
0.561
0.483
0.578
0.399
0.535
0.544
0.338
0.672
0.468
0.470
0.703
0.245
0.488
0.479
0.462
0.704
0.360
0.543
0.488
0.672
0.530
0.323
0.376
0.505
0.641
0.375
0.470
0.440
0.658
0.709
0.590
0.347
0.561
0.493
0.380
0.579
0.341
0.707
0.713
0.238
0.255
0.601
0.504
0.688
0.477
0.600
0.473
0.651
0.306
0.486
0.626
0.415
0.551
0.482
0.278
0.612
0.534
0.443
0.599
0.257
0.458
0.502
0.515
0.576
0.331
0.460
0.482
0.446
0.358
0.234
0.303
0.719
0.549
0.505
0.316
0.591
0.491
0.498
0.378
0.330
0.604
0.409
0.206
0.612
0.305
0.605
0.657
0.399
0.410
0.625
0.440
0.680
0.351
0.332
0.621
0.399
0.412
0.541
0.277
0.632
0.453
0.459
0.447
0.631
0.615
0.429
0.499
0.558
0.634
0.464
0.407
0.491
0.540
0.524
0.518
0.188
0.509
0.222
0.442
0.474
0.290
0.525
0.577
0.530
0.563
0.510
0.464
0.527
0.409
0.325
0.535
0.582
0.350
0.379
0.234
0.368
0.557
0.515
0.594
0.430
0.487
0.399
0.526
0.413
0.475
0.497
0.576
0.637
0.427
0.527
0.598
0.537
0.485
0.417
0.513
0.506
0.769
0.281
0.561
0.565
0.382
0.649
0.397
0.259
0.504
0.285
0.542
0.590
0.306
0.488
0.752
0.386
0.362
0.449
0.431
0.598
0.298
0.390
0.465
0.438
0.212
0.547
0.500
0.703
0.500
0.470
0.461
0.580
0.816
0.378
0.486
0.356
0.506
0.607
0.587
0.485
0.467
0.669
0.310
0.277
0.401
0.410
0.525
0.365
0.322
0.466
0.586
0.389
0.476
0.599
0.455
0.808
0.435
0.635
0.195
0.617
0.532
0.562
0.546
0.392
0.775
0.385
0.517
0.600
0.489
0.471
0.531
0.448
0.382
0.654
0.610
0.502
0.314
0.543
0.516
0.481
0.540
0.377
0.738
0.701
0.325
0.419
0.339
0.611
0.693
0.150
0.337
0.480
0.588
0.666
0.545
0.380
0.448
0.509
0.500
0.379
0.648
0.518
0.540
0.475
0.455
0.509
0.628
0.536
0.514
0.493
0.390
0.634
0.509
0.529
0.440
0.707
0.601
0.411
0.496
0.286
0.517
0.596
0.370
0.332
0.518
0.416
0.475
0.140
0.590
0.546
0.564
0.724
0.348
0.584
0.746
0.403
0.526
0.239
0.327
0.531
0.588
0.491
0.449
0.474
0.525
0.532
0.437
0.432
0.536
0.684
0.367
0.535
0.528
0.526
0.733
0.376
0.709
0.540
0.476
0.676
0.280
0.595
0.741
0.340
0.434
0.622
0.463
0.563
0.399
0.415
0.399
0.405
0.464
0.499
0.380
0.480
0.496
0.512
0.540
0.642
0.541
0.477
0.458
0.361
0.695
0.408
0.380
0.536
0.319
0.629
0.681
0.571
0.351
0.670
0.382
0.402
0.400
0.534
0.548
0.441
0.666
0.344
0.406
0.316
0.520
0.356
0.347
0.377
0.518
0.649
0.407
0.426
0.551
0.636
0.278
0.497
0.405
0.402
0.589
0.461
0.411
0.697
0.642
0.566
0.543
0.419
0.648
0.610
0.645
0.324
0.547
0.435
0.572
0.705
0.271
0.493
0.363
0.790
0.375
0.395
0.609
0.559
0.637
0.489
0.346
0.456
0.568
0.359
0.339
0.395
0.574
0.525
0.463
0.431
0.626
0.488
0.717
0.633
0.496
0.378
0.512
0.579
0.346
0.529
0.569
0.623
0.336
0.465
0.573
0.571
0.515
0.364
0.444
0.607
0.590
0.403
0.413
0.473
0.409
0.641
0.273
0.488
0.495
0.572
0.639
0.363
0.768
0.544
0.531
0.467
0.461
0.574
0.471
0.568
0.311
0.391
0.498
0.766
0.419
0.508
0.244
0.641
0.566
0.476
0.590
0.724
0.446
0.533
0.536
0.621
0.623
0.586
0.332
0.475
0.287
0.709
0.519
0.493
0.425
0.478
0.485
0.388
0.436
0.792
0.531
0.610
0.355
0.450
0.476
0.436
0.445
0.261
0.361
0.692
0.423
0.423
0.344
0.433
0.498
0.806
0.288
0.434
0.730
0.512
0.389
0.505
0.384
0.478
0.502
0.469
0.468
0.417
0.635
0.526
0.357
0.441
0.363
0.534
0.521
0.371
0.797
0.524
0.548
0.535
0.439
0.568
0.471
0.424
0.385
0.539
0.526
0.675
0.635
0.429
0.437
0.626
0.561
0.408
0.626
0.294
0.620
0.355
0.441
0.574
0.613
0.564
0.545
0.401
0.421
0.588
0.575
0.317
0.462
0.418
0.616
0.502
0.399
0.496
0.710
0.508
0.352
0.548
0.663
0.505
0.359
0.581
0.462
0.524
0.732
0.405
0.377
0.494
0.594
0.541
0.593
0.272
0.450
0.485
0.518
0.530
0.355
0.648
0.643
0.508
0.422
0.434
0.533
0.680
0.311
0.311
0.608
0.660
0.401
0.606
0.340
0.425
0.562
0.310
0.372
0.413
0.680
0.380
0.646
0.330
0.530
0.463
0.658
0.586
0.547
0.472
0.487
0.335
0.524
0.538
0.406
0.574
0.386
0.293
0.590
0.385
0.476
0.514
0.347
0.491
0.636
0.603
0.505
0.728
0.570
0.453
0.310
0.467
0.674
0.703
0.368
0.433
0.395
0.727
0.750
0.469
0.468
0.483
0.677
0.591
0.453
0.483
0.533
0.588
0.356
0.314
0.635
0.630
0.477
0.580
0.203
0.495
0.629
0.484
0.596
0.246
0.527
0.375
0.453
0.622
0.451
0.525
0.561
0.405
0.383
0.652
0.357
0.559
0.381
0.417
0.445
0.507
0.795
0.265
0.480
0.529
0.526
0.360
0.258
0.552
0.528
0.333
0.637
0.398
0.324
0.439
0.660
0.495
0.409
0.488
0.719
0.439
0.468
0.420
0.546
0.802
0.439
0.392
0.512
0.372
0.741
0.305
0.561
0.298
0.495
0.640
0.394
0.620
0.564
0.591
0.445
0.508
0.443
0.675
0.505
0.679
0.226
0.521
0.510
0.474
0.367
0.594
0.498
0.435
0.521
0.492
0.507
0.574
0.416
0.493
0.564
0.348
0.537
0.479
0.328
0.557
0.549
0.561
0.403
0.402
0.498
0.600
0.492
0.475
0.324
0.295
0.669
0.468
0.477
0.307
0.601
0.685
0.470
0.514
0.561
0.609
0.398
0.450
0.618
0.400
0.628
0.480
0.565
0.403
0.300
0.531
0.464
0.388
0.499
0.650
0.488
0.387
0.343
0.594
0.430
0.465
0.377
0.352
0.843
0.582
0.368
0.377
0.673
0.557
0.603
0.383
0.512
0.424
0.496
0.433
0.537
0.597
0.478
0.444
0.501
0.329
0.424
0.695
0.434
0.513
0.410
0.470
0.682
0.315
0.569
0.416
0.522
0.608
0.349
0.354
0.494
0.548
0.562
0.443
0.476
0.580
0.869
0.558
0.426
0.477
0.554
0.625
0.599
0.346
0.527
0.463
0.616
0.388
0.531
0.476
0.559
0.409
0.376
0.560
0.373
0.625
0.380
0.554
0.465
0.577
0.487
0.311
0.458
0.346
0.531
0.411
0.303
0.501
0.540
0.527
0.336
0.477
0.489
0.433
0.553
0.381
0.410
0.462
0.710
0.451
0.446
0.548
0.495
0.622
0.298
0.514
0.400
0.586
0.504
0.541
0.415
0.567
0.638
0.441
0.574
0.475
0.561
0.737
0.646
0.544
0.671
0.822
0.393
0.382
0.613
0.528
0.561
0.427
0.424
0.478
0.568
0.693
0.302
0.435
0.641
0.512
0.463
0.349
0.535
0.555
0.914
0.624
0.343
0.565
0.350
0.626
0.427
0.337
0.534
0.731
0.463
0.507
0.612
0.573
0.574
0.361
0.375
0.444
0.531
0.496
0.447
0.490
0.614
0.457
0.414
0.342
0.286
0.622
0.456
0.438
0.404
0.534
0.485
0.512
0.544
0.393
0.515
0.518
0.461
0.644
0.283
0.514
0.587
0.422
0.500
0.572
0.641
0.550
0.166
0.434
0.450
0.456
0.489
0.537
0.293
0.592
0.673
0.365
0.380
0.623
0.503
0.548
0.368
0.377
0.758
0.573
0.334
0.470
0.442
0.778
0.651
0.326
0.497
0.596
0.513
0.490
0.380
0.466
0.582
0.422
0.521
0.374
0.293
0.523
0.614
0.430
0.333
0.556
0.497
0.522
0.351
0.236
0.457
0.537
0.380
0.453
0.383
0.312
0.492
0.380
0.585
0.543
0.488
0.434
0.525
0.339
0.527
0.472
0.386
0.381
0.665
0.691
0.575
0.654
0.342
0.459
0.483
0.313
0.245
0.566
0.470
0.562
0.347
0.342
0.404
0.504
0.362
0.574
0.574
0.767
0.513
0.627
0.406
0.493
0.683
0.209
0.436
0.389
0.569
0.647
0.430
0.567
0.508
0.754
0.687
0.396
0.516
0.414
0.607
0.471
0.575
0.360
0.533
0.649
0.569
0.403
0.458
0.454
0.555
0.432
0.391
0.622
0.565
0.533
0.503
0.571
0.540
0.540
0.460
0.626
0.299
0.616
0.515
0.601
0.469
0.437
0.482
0.403
0.418
0.638
0.404
0.710
0.511
0.267
0.435
0.493
0.401
0.514
0.542
0.555
0.490
0.632
0.370
0.407
0.604
0.482
0.263
0.457
0.257
0.536
0.540
0.524
0.373
0.726
0.574
0.424
0.410
0.531
0.351
0.584
0.743
0.174
0.536
0.410
0.585
0.431
0.493
0.501
0.775
0.321
0.379
0.530
0.474
0.582
0.623
0.445
0.464
0.456
0.581
0.473
0.658
0.524
0.537
0.514
0.534
0.580
0.380
0.552
0.571
0.471
0.401
0.578
0.569
0.556
0.443
0.508
0.548
0.577
0.557
0.336
0.557
0.522
0.431
0.609
0.445
0.641
0.634
0.371
0.467
0.308
0.606
0.737
0.409
0.552
0.455
0.539
0.598
0.513
0.389
0.620
0.558
0.426
0.313
0.704
0.596
0.504
0.391
0.403
0.395
0.716
0.428
0.539
0.478
0.339
0.588
0.460
0.482
0.400
0.613
0.628
0.397
0.468
0.335
0.637
0.534
0.530
0.364
0.641
0.595
0.725
0.344
0.500
0.564
0.517
0.481
0.398
0.505
0.394
0.504
0.368
0.588
0.792
0.463
0.383
0.397
0.502
0.644
0.473
0.649
0.436
0.515
0.551
0.502
0.425
0.354
0.603
0.471
0.460
0.446
0.753
0.656
0.353
0.683
0.296
0.521
0.335
0.376
0.310
0.507
0.384
0.519
0.483
0.438
0.601
0.518
0.569
0.382
0.390
0.577
0.575
0.545
0.337
0.528
0.414
0.549
0.529
0.474
0.446
0.527
0.400
0.660
0.397
0.463
0.586
0.433
0.413
0.443
0.645
0.637
0.576
0.574
0.588
0.485
0.561
0.405
0.276
0.601
0.559
0.418
0.279
0.577
0.548
0.505
0.652
0.367
0.566
0.572
0.501
0.448
0.398
0.422
0.691
0.574
0.528
0.522
0.433
0.502
0.525
0.498
0.589
0.681
0.618
0.442
0.514
0.536
0.502
0.720
0.359
0.341
0.414
0.597
0.591
0.383
0.410
0.751
0.738
0.369
0.461
0.557
0.488
0.636
0.422
0.405
0.569
0.655
0.310
0.489
0.597
0.618
0.496
0.395
0.406
0.549
0.516
0.400
0.241
0.447
0.421
0.527
0.503
0.351
0.394
0.552
0.428
0.457
0.395
0.521
0.627
0.561
0.624
0.505
0.540
0.647
0.422
0.516
0.194
0.601
0.572
0.333
0.450
0.451
0.511
0.596
0.399
0.500
0.386
0.474
0.387
0.418
0.531
0.439
0.481
0.418
0.632
0.578
0.650
0.451
0.520
0.522
0.516
0.608
0.468
0.594
0.480
0.755
0.496
0.425
0.562
0.414
0.591
0.493
0.422
0.408
0.543
0.699
0.555
0.422
0.497
0.627
0.672
0.444
0.316
0.415
0.608
0.343
0.390
0.546
0.532
0.504
0.573
0.778
0.465
0.593
0.692
0.363
0.429
0.696
0.634
0.601
0.295
0.389
0.604
0.639
0.582
0.468
0.381
0.512
0.604
0.594
0.628
0.339
0.557
0.448
0.402
0.372
0.627
0.688
0.505
0.560
0.393
0.691
0.533
0.356
0.437
0.580
0.692
0.562
0.331
0.563
0.504
0.460
0.436
0.502
0.547
0.640
0.405
0.632
0.456
0.417
0.604
0.652
0.364
0.361
0.674
0.478
0.706
0.453
0.159
0.512
0.426
0.433
0.450
0.380
0.530
0.407
0.698
0.320
0.470
0.422
0.774
0.648
0.176
0.632
0.533
0.594
0.441
0.662
0.520
0.724
0.594
0.387
0.727
0.635
0.626
0.478
0.496
0.684
0.730
0.546
0.433
0.596
0.442
0.629
0.661
0.314
0.488
0.520
0.509
0.395
0.493
0.742
0.593
0.636
0.469
0.479
0.541
0.458
0.492
0.402
0.515
0.460
0.577
0.351
0.333
0.401
0.535
0.591
0.257
0.502
0.584
0.574
0.474
0.517
0.579
0.528
0.873
0.343
0.431
0.701
0.504
0.522
0.460
0.459
0.628
0.480
0.665
0.404
0.538
0.478
0.829
0.508
0.468
0.662
0.542
0.485
0.414
0.492
0.456
0.567
0.377
0.648
0.584
0.478
0.478
0.492
0.700
0.555
0.806
0.415
0.754
0.490
0.633
0.579
0.399
0.590
0.581
0.718
0.395
0.441
0.372
0.602
0.576
0.358
0.729
0.630
0.646
0.831
0.258
0.649
0.587
0.560
0.632
0.604
0.527
0.765
0.584
0.753
0.395
0.453
0.601
0.500
0.670
0.320
0.614
0.619
0.510
0.279
0.522
0.555
0.638
0.466
0.493
0.389
0.615
0.451
0.288
0.437
0.229
0.522
0.601
0.337
0.620
0.702
0.466
0.555
0.407
0.365
0.627
0.458
0.407
0.380
0.474
0.557
0.519
0.434
0.324
0.594
0.305
0.474
0.554
0.383
0.625
0.441
0.602
0.406
0.455
0.482
0.491
0.334
0.493
0.425
0.579
0.613
0.287
0.636
0.478
0.562
0.449
0.524
0.622
0.619
0.484
0.471
0.524
0.484
0.493
0.120
0.584
0.508
0.702
0.657
0.437
0.678
0.417
0.553
0.634
0.320
0.535
0.408
0.573
0.423
0.549
0.409
0.497
0.436
0.444
0.423
0.636
0.596
0.504
0.403
0.393
0.683
0.546
0.485
0.524
0.403
0.389
0.617
0.337
0.646
0.539
0.526
0.627
0.390
0.549
0.600
0.552
0.495
0.257
0.526
0.528
0.433
0.473
0.290
0.377
0.432
0.471
0.458
0.569
0.732
0.692
0.650
0.638
0.382
0.618
0.628
0.415
0.543
0.444
0.321
0.432
0.304
0.519
0.605
0.467
0.476
0.373
0.562
0.757
0.437
0.491
0.440
0.683
0.625
0.462
0.291
0.328
0.467
0.573
0.285
0.505
0.609
0.542
0.361
0.371
0.511
0.572
0.555
0.711
0.357
0.573
0.476
0.642
0.555
0.423
0.522
0.450
0.598
0.532
0.381
0.657
0.511
0.483
0.343
0.429
0.673
0.410
0.467
0.518
0.403
0.434
0.510
0.527
0.441
0.373
0.580
0.517
0.398
0.574
0.449
0.442
0.600
0.400
0.430
0.605
0.546
0.625
0.443
0.551
0.458
0.372
0.411
0.666
0.526
0.533
0.531
0.527
0.621
0.454
0.651
0.310
0.526
0.446
0.552
0.577
0.438
0.599
0.581
0.592
0.649
0.383
0.459
0.650
0.552
0.399
0.582
0.491
0.466
0.441
0.441
0.516
0.651
0.387
0.199
0.481
0.512
0.401
0.681
0.237
0.512
0.713
0.521
0.440
0.665
0.400
0.696
0.328
0.490
0.250
0.490
0.526
0.534
0.506
0.424
0.576
0.544
0.448
0.582
0.354
0.500
0.441
0.378
0.424
0.327
0.583
0.712
0.434
0.711
0.676
0.313
0.377
0.402
0.533
0.571
0.503
0.596
0.286
0.405
0.654
0.405
0.584
0.400
0.578
0.372
0.400
0.308
0.323
0.442
0.589
0.446
0.391
0.480
0.601
0.385
0.527
0.431
0.618
0.597
0.509
0.341
0.580
0.563
0.479
0.335
0.410
0.643
0.646
0.366
0.327
0.406
0.660
0.734
0.323
0.298
0.502
0.564
0.346
0.452
0.479
0.511
0.456
0.468
0.413
0.747
0.597
0.495
0.716
0.344
0.548
0.640
0.504
0.505
0.625
0.598
0.653
0.361
0.403
0.519
0.644
0.669
0.423
0.385
0.562
0.608
0.562
0.431
0.372
0.514
0.404
0.491
0.543
0.754
0.586
0.535
0.498
0.378
0.477
0.367
0.370
0.317
0.555
0.479
0.562
0.675
0.597
0.777
0.497
0.550
0.395
0.483
0.483
0.705
0.469
0.498
0.431
0.579
0.575
0.689
0.463
0.674
0.538
0.555
0.444
0.437
0.576
0.514
0.635
0.590
0.468
0.433
0.526
0.525
0.448
0.633
0.582
0.541
0.413
0.400
0.534
0.559
0.495
0.359
0.631
0.464
0.491
0.585
0.430
0.394
0.369
0.632
0.582
0.290
0.575
0.440
0.639
0.215
0.390
0.567
0.625
0.434
0.421
0.310
0.700
0.570
0.345
0.439
0.596
0.658
0.726
0.546
0.560
0.527
0.591
0.611
0.453
0.625
0.637
0.611
0.584
0.450
0.734
0.537
0.520
0.381
0.483
0.514
0.397
0.223
0.379
0.558
0.608
0.612
0.480
0.577
0.507
0.633
0.461
0.394
0.535
0.506
0.730
0.521
0.511
0.415
0.611
0.571
0.412
0.681
0.407
0.596
0.406
0.635
0.462
0.562
0.675
0.358
0.331
0.466
0.671
0.485
0.437
0.509
0.606
0.559
0.548
0.300
0.623
0.521
0.540
0.589
0.281
0.610
0.546
0.504
0.361
0.363
0.337
0.670
0.621
0.660
0.366
0.622
0.530
0.378
0.577
0.471
0.447
0.637
0.537
0.435
0.586
0.705
0.488
0.503
0.573
0.658
0.586
0.471
0.404
0.422
0.533
0.518
0.487
0.333
0.632
0.728
0.528
0.640
0.596
0.597
0.728
0.425
0.629
0.429
0.601
0.558
0.433
0.221
0.435
0.597
0.624
0.447
0.474
0.515
0.313
0.580
0.481
0.578
0.594
0.572
0.603
0.454
0.541
0.404
0.680
0.437
0.345
0.413
0.632
0.473
0.555
0.344
0.650
0.527
0.524
0.419
0.393
0.573
0.688
0.444
0.327
0.474
0.593
0.585
0.532
0.570
0.576
0.535
0.510
0.404
0.537
0.480
0.574
0.458
0.339
0.529
0.456
0.432
0.654
0.487
0.581
0.571
0.663
0.618
0.420
0.405
0.620
0.370
0.515
0.226
0.433
0.518
0.416
0.477
0.438
0.583
0.575
0.433
0.355
0.458
0.551
0.547
0.581
0.575
0.249
0.592
0.452
0.453
0.348
0.364
0.603
0.610
0.476
0.461
0.526
0.648
0.621
0.344
0.527
0.430
0.374
0.577
0.374
0.397
0.526
0.535
0.371
0.473
0.598
0.495
0.398
0.451
0.358
0.699
0.513
0.648
0.519
0.361
0.647
0.521
0.459
0.548
0.273
0.521
0.608
0.452
0.496
0.362
0.559
0.511
0.596
0.402
0.454
0.660
0.539
0.428
0.337
0.509
0.435
0.371
0.533
0.561
0.698
0.621
0.481
0.586
0.572
0.754
0.497
0.683
0.365
0.565
0.685
0.485
0.544
0.513
0.465
0.531
0.638
0.412
0.599
0.595
0.853
0.486
0.363
0.374
0.508
0.430
0.418
0.523
0.297
0.538
0.683
0.405
0.524
0.692
0.471
0.593
0.411
0.198
0.542
0.526
0.721
0.527
0.389
0.556
0.595
0.376
0.471
0.365
0.720
0.559
0.571
0.524
0.854
0.686
0.425
0.621
0.392
0.464
0.758
0.595
0.469
0.199
0.536
0.512
0.503
0.437
0.333
0.660
0.549
0.562
0.327
0.778
0.400
0.698
0.221
0.254
0.467
0.651
0.623
0.347
0.520
0.363
0.663
0.555
0.213
0.486
0.420
0.688
0.463
0.505
0.581
0.662
0.471
0.215
0.512
0.755
0.660
0.590
0.401
0.420
0.526
0.518
0.413
0.497
0.462
0.724
0.681
0.701
0.314
0.379
0.448
0.437
0.549
0.451
0.335
0.500
0.461
0.334
0.570
0.491
0.403
0.539
0.512
0.598
0.423
0.713
0.621
0.218
0.365
0.562
0.455
0.396
0.218
0.680
0.384
0.659
0.436
0.425
0.504
0.507
0.546
0.338
0.244
0.538
0.485
0.430
0.388
0.502
0.494
0.467
0.493
0.427
0.470
0.604
0.677
0.512
0.463
0.500
0.636
0.597
0.382
0.376
0.472
0.663
0.402
0.429
0.542
0.648
0.550
0.385
0.392
0.611
0.598
0.546
0.760
0.612
0.500
0.402
0.695
0.475
0.440
0.472
0.539
0.570
0.429
0.367
0.465
0.590
0.528
0.492
0.436
0.379
0.489
0.730
0.354
0.454
0.599
0.647
0.455
0.481
0.519
0.612
0.646
0.573
0.652
0.309
0.544
0.541
0.525
0.426
0.346
0.570
0.481
0.347
0.281
0.270
0.571
0.425
0.575
0.371
0.461
0.594
0.772
0.543
0.668
0.569
0.662
0.483
0.496
0.526
0.482
0.454
0.502
0.471
0.449
0.559
0.612
0.477
0.427
0.469
0.539
0.720
0.471
0.450
0.762
0.480
0.472
0.528
0.355
0.511
0.495
0.609
0.479
0.435
0.504
0.467
0.424
0.339
0.514
0.568
0.494
0.548
0.538
0.557
0.648
0.667
0.391
0.500
0.468
0.458
0.675
0.397
0.485
0.507
0.510
0.431
0.368
0.376
0.536
0.591
0.514
0.326
0.481
0.584
0.446
0.475
0.455
0.344
0.454
0.556
0.550
0.574
0.653
0.634
0.668
0.665
0.470
0.580
0.573
0.509
0.377
0.334
0.541
0.555
0.524
0.537
0.622
0.568
0.617
0.492
0.568
0.361
0.886
0.683
0.357
0.337
0.541
0.747
0.480
0.479
0.318
0.515
0.495
0.679
0.370
0.315
0.547
0.489
0.450
0.439
0.767
0.493
0.353
0.642
0.439
0.427
0.533
0.503
0.396
0.402
0.457
0.437
0.373
0.443
0.434
0.669
0.498
0.427
0.406
0.327
0.620
0.626
0.402
0.436
0.390
0.588
0.647
0.464
0.550
0.476
0.624
0.536
0.347
0.426
0.460
0.642
0.454
0.261
0.692
0.407
0.474
0.570
0.404
0.490
0.508
0.659
0.641
0.545
0.593
0.676
0.383
0.353
0.469
0.516
0.850
0.647
0.467
0.404
0.539
0.309
0.436
0.368
0.402
0.607
0.339
0.293
0.249
0.540
0.626
0.538
0.425
0.434
0.682
0.426
0.644
0.394
0.428
0.615
0.343
0.532
0.370
0.470
0.493
0.341
0.519
0.471
0.436
0.468
0.542
0.706
0.243
0.485
0.596
0.587
0.386
0.408
0.511
0.662
0.422
0.412
0.397
0.417
0.319
0.373
0.456
0.464
0.535
0.629
0.591
0.300
0.611
0.522
0.553
0.517
0.468
0.733
0.540
0.592
0.409
0.613
0.548
0.657
0.712
0.409
0.457
0.643
0.568
0.477
0.495
0.533
0.388
0.323
0.631
0.434
0.490
0.399
0.508
0.387
0.512
0.537
0.589
0.601
0.434
0.440
0.415
0.394
0.495
0.478
0.329
0.586
0.578
0.600
0.357
0.464
0.721
0.641
0.336
0.481
0.586
0.549
0.503
0.223
0.456
0.550
0.590
0.457
0.322
0.507
0.729
0.608
0.541
0.561
0.656
0.359
0.544
0.360
0.474
0.630
0.471
0.312
0.516
0.288
0.523
0.525
0.510
0.437
0.605
0.657
0.499
0.493
0.377
0.315
0.537
0.602
0.313
0.411
0.276
0.648
0.608
0.476
0.516
0.552
0.570
0.516
0.348
0.314
0.368
0.563
0.415
0.424
0.448
0.432
0.596
0.567
0.604
0.796
0.562
0.457
0.545
0.516
0.479
0.688
0.595
0.532
0.502
0.448
0.540
0.511
0.568
0.384
0.550
0.589
0.702
0.453
0.509
0.520
0.623
0.449
0.281
0.530
0.330
0.604
0.400
0.532
0.473
0.798
0.599
0.437
0.469
0.492
0.498
0.520
0.426
0.451
0.554
0.536
0.404
0.320
0.541
0.519
0.758
0.467
0.365
0.467
0.477
0.504
0.418
0.278
0.503
0.668
0.432
0.643
0.474
0.530
0.607
0.315
0.571
0.377
0.473
0.488
0.466
0.512
0.532
0.663
0.431
0.531
0.493
0.451
0.663
0.602
0.340
0.465
0.495
0.533
0.446
0.362
0.490
0.553
0.486
0.562
0.614
0.715
0.296
0.554
0.456
0.526
0.440
0.435
0.527
0.557
0.507
0.643
0.670
0.410
0.632
0.292
0.502
0.457
0.516
0.304
0.394
0.414
0.428
0.468
0.411
0.442
0.535
0.601
0.584
0.343
0.590
0.614
0.588
0.571
0.350
0.485
0.505
0.505
0.391
0.357
0.547
0.595
0.564
0.304
0.314
0.442
0.660
0.478
0.406
0.438
0.482
0.637
0.531
0.468
0.436
0.585
0.592
0.475
0.343
0.460
0.555
0.699
0.599
0.464
0.576
0.640
0.516
0.659
0.190
0.512
0.451
0.525
0.407
0.529
0.559
0.414
0.542
0.373
0.470
0.513
0.515
0.474
0.567
0.488
0.674
0.537
0.588
0.374
0.325
0.585
0.441
0.386
0.552
0.754
0.622
0.558
0.569
0.527
0.542
0.422
0.478
0.469
0.440
0.564
0.561
0.518
0.479
0.346
0.497
0.526
0.339
0.485
0.423
0.584
0.468
0.620
0.621
0.401
0.584
0.538
0.442
0.435
0.498
0.618
0.661
0.548
0.467
0.715
0.531
0.521
0.509
0.664
0.723
0.639
0.429
0.491
0.334
0.506
0.551
0.403
0.616
0.504
0.579
0.577
0.330
0.489
0.471
0.634
0.708
0.516
0.426
0.536
0.728
0.559
0.390
0.412
0.569
0.510
0.468

