0.524
0.481
0.421
0.440
0.418
0.455
0.377
0.531
0.393
0.525
0.452
0.445
0.443
0.456
0.455
0.409
0.441
0.403
0.494
0.361
0.463
0.399
0.470
0.410
0.441
0.483
0.430
0.521
0.372
0.494
0.467
0.466
0.422
0.475
0.466
0.428
0.456
0.396
0.508
0.381
0.470
0.515
0.489
0.480
0.468
0.501
0.471
0.510
0.453
0.503
0.368
0.454
0.444
0.466
0.492
0.418
0.535
0.427
0.472
0.371
0.485
0.467
0.507
0.474
0.430
0.443
0.457
0.534
0.406
0.451
0.459
0.488
0.466
0.434
0.478
0.410
0.440
0.444
0.486
0.486
0.455
0.461
0.441
0.454
0.458
0.518
0.433
0.395
0.429
0.460
0.451
0.477
0.442
0.474
0.494
0.427
0.567
0.384
0.499
0.418
0.486
0.430
0.459
0.474
0.471
0.461
0.417
0.530
0.391
0.499
0.414
0.458
0.460
0.463
0.427
0.491
0.391
0.494
0.447
0.411
0.475
0.448
0.493
0.459
0.487
0.455
0.481
0.363
0.517
0.415
0.409
0.464
0.479
0.508
0.441
0.465
0.413
0.515
0.448
0.567
0.461
0.490
0.468
0.403
0.454
0.461
0.434
0.455
0.483
0.487
0.489
0.366
0.492
0.420
0.417
0.459
0.514
0.418
0.467
0.364
0.445
0.424
0.480
0.380
0.403
0.476
0.409
0.435
0.487
0.447
0.554
0.495
0.406
0.522
0.380
0.492
0.432
0.520
0.467
0.475
0.440
0.567
0.427
0.478
0.344
0.450
0.426
0.492
0.396
0.540
0.408
0.530
0.417
0.482
0.468
0.488
0.461
0.514
0.411
0.508
0.501
0.475
0.427
0.486
0.393
0.570
0.376
0.481
0.421
0.484
0.448
0.404
0.395
0.435
0.448
0.485
0.381
0.447
0.428
0.466
0.474
0.486
0.458
0.473
0.418
0.485
0.388
0.502
0.413
0.444
0.367
0.498
0.423
0.394
0.428
0.468
0.355
0.485
0.455
0.421
0.407
0.518
0.426
0.443
0.494
0.455
0.458
0.492
0.436
0.426
0.414
0.465
0.428
0.506
0.468
0.475
0.388
0.477
0.397
0.464
0.459
0.511
0.412
0.475
0.429
0.448
0.328
0.403
0.483
0.509
0.501
0.548
0.497
0.432
0.576
0.390
0.466
0.480
0.550
0.478
0.511
0.445
0.492
0.482
0.383
0.471
0.415
0.503
0.427
0.485
0.372
0.469
0.420
0.465
0.408
0.471
0.443
0.513
0.440
0.490
0.483
0.467
0.477
0.496
0.444
0.478
0.426
0.448
0.418
0.382
0.489
0.386
0.446
0.457
0.453
0.391
0.460
0.465
0.467
0.430
0.477
0.450
0.483
0.485
0.462
0.463
0.429
0.425
0.441
0.495
0.441
0.499
0.409
0.400
0.457
0.506
0.363
0.483
0.461
0.445
0.497
0.459
0.500
0.447
0.478
0.458
0.465
0.453
0.439
0.459
0.474
0.450
0.497
0.390
0.538
0.357
0.438
0.463
0.482
0.369
0.501
0.482
0.454
0.420
0.390
0.499
0.459
0.471
0.455
0.463
0.433
0.536
0.403
0.500
0.440
0.527
0.355
0.500
0.452
0.481
0.451
0.485
0.435
0.472
0.439
0.461
0.519
0.431
0.498
0.461
0.468
0.477
0.484
0.378
0.480
0.388
0.503
0.432
0.499
0.374
0.568
0.462
0.413
0.469
0.442
0.418
0.448
0.473
0.410
0.442
0.452
0.476
0.428
0.415
0.482
0.408
0.485
0.508
0.420
0.523
0.436
0.470
0.394
0.512
0.513
0.505
0.415
0.470
0.425
0.429
0.464
0.429
0.455
0.466
0.487
0.407
0.481
0.435
0.504
0.436
0.455
0.450
0.467
0.418
0.463
0.405
0.482
0.390
0.469
0.464
0.515
0.445
0.513
0.399
0.479
0.444
0.493
0.493
0.464
0.441
0.419
0.454
0.437
0.500
0.449
0.471
0.485
0.456
0.455
0.469
0.456
0.445
0.425
0.510
0.439
0.462
0.406
0.460
0.440
0.487
0.418
0.517
0.446
0.469
0.445
0.533
0.419
0.435
0.520
0.463
0.425
0.433
0.470
0.465
0.453
0.458
0.486
0.440
0.439
0.433
0.496
0.412
0.453
0.434
0.490
0.420
0.470
0.400
0.484
0.371
0.501
0.432
0.495
0.430
0.488
0.441
0.486
0.422
0.448
0.467
0.484
0.407
0.484
0.423
0.497
0.494
0.409
0.463
0.421
0.489
0.466
0.461
0.448
0.455
0.369
0.552
0.451
0.495
0.432
0.479
0.422
0.491
0.354
0.507
0.415
0.500
0.415
0.497
0.408
0.482
0.382
0.519
0.463
0.471
0.419
0.464
0.404
0.458
0.393
0.450
0.452
0.478
0.474
0.473
0.425
0.447
0.416
0.440
0.469
0.499
0.426
0.475
0.463
0.462
0.429
0.447
0.396
0.400
0.507
0.397
0.455
0.390
0.487
0.442
0.446
0.376
0.510
0.474
0.469
0.380
0.495
0.400
0.516
0.413
0.481
0.437
0.440
0.426
0.482
0.479
0.456
0.419
0.484
0.376
0.467
0.443
0.484
0.453
0.435
0.399
0.452
0.453
0.419
0.436
0.458
0.471
0.437
0.466
0.468
0.427
0.450
0.437
0.459
0.469
0.419
0.530
0.431
0.472
0.397
0.461
0.470
0.498
0.392
0.470
0.500
0.494
0.419
0.505
0.407
0.447
0.419
0.512
0.464
0.482
0.360
0.498
0.419
0.472
0.410
0.464
0.540
0.453
0.454
0.436
0.393
0.458
0.442
0.499
0.470
0.432
0.415
0.412
0.403
0.405
0.451
0.441
0.503
0.435
0.491
0.475
0.451
0.412
0.511
0.465
0.458
0.408
0.476
0.451
0.455
0.452
0.493
0.412
0.437
0.431
0.437
0.393
0.503
0.435
0.427
0.437
0.462
0.407
0.441
0.432
0.484
0.431
0.477
0.442
0.447
0.398
0.448
0.504
0.475
0.487
0.432
0.442
0.356
0.540
0.453
0.513
0.460
0.496
0.504
0.497
0.400
0.495
0.478
0.487
0.450
0.472
0.403
0.492
0.454
0.488
0.430
0.462
0.433
0.487
0.500
0.399
0.452
0.476
0.425
0.471
0.461
0.440
0.433
0.469
0.484
0.430
0.435
0.453
0.471
0.480
0.452
0.450
0.503
0.418
0.448
0.479
0.466
0.464
0.494
0.425
0.483
0.390
0.410
0.456
0.432
0.411
0.513
0.403
0.488
0.445
0.548
0.427
0.502
0.431
0.494
0.385
0.450
0.439
0.462
0.331
0.465
0.471
0.392
0.371
0.439
0.465
0.468
0.497
0.455
0.476
0.470
0.464
0.434
0.419
0.445
0.381
0.511
0.517
0.462
0.492
0.415
0.484
0.373
0.460
0.480
0.535
0.438
0.447
0.388
0.455
0.423
0.472
0.429
0.537
0.386
0.468
0.498
0.506
0.432
0.421
0.464
0.531
0.390
0.448
0.421
0.447
0.479
0.467
0.455
0.492
0.423
0.475
0.500
0.452
0.474
0.409
0.410
0.486
0.427
0.418
0.448
0.420
0.464
0.437
0.445
0.387
0.478
0.393
0.461
0.331
0.432
0.444
0.468
0.432
0.405
0.437
0.529
0.380
0.436
0.510
0.429
0.402
0.509
0.339
0.456
0.378
0.481
0.436
0.445
0.439
0.431
0.425
0.437
0.484
0.427
0.459
0.493
0.433
0.496
0.350
0.447
0.457
0.391
0.485
0.455
0.444
0.454
0.544
0.523
0.443
0.497
0.489
0.416
0.448
0.475
0.459
0.448
0.454
0.430
0.513
0.460
0.432
0.455
0.442
0.473
0.432
0.475
0.466
0.470
0.477
0.400
0.366
0.521
0.497
0.434
0.410
0.481
0.446
0.428
0.451
0.467
0.420
0.428
0.440
0.411
0.423
0.458
0.512
0.478
0.479
0.459
0.396
0.472
0.429
0.469
0.476
0.378
0.512
0.505
0.437
0.517
0.444
0.500
0.461
0.453
0.452
0.529
0.387
0.504
0.461
0.491
0.378
0.451
0.445
0.496
0.364
0.521
0.388
0.491
0.418
0.465
0.444
0.499
0.467
0.514
0.486
0.362
0.482
0.500
0.477
0.458
0.460
0.461
0.444
0.511
0.443
0.416
0.433
0.511
0.432
0.471
0.487
0.442
0.391
0.515
0.537
0.488
0.430
0.501
0.442
0.482
0.448
0.545
0.508
0.540
0.365
0.472
0.490
0.465
0.455
0.475
0.489
0.452
0.478
0.459
0.525
0.468
0.483
0.457
0.452
0.433
0.422
0.486
0.441
0.477
0.517
0.474
0.512
0.390
0.483
0.454
0.457
0.429
0.501
0.448
0.456
0.445
0.408
0.413
0.488
0.429
0.490
0.401
0.458
0.439
0.443
0.475
0.508
0.472
0.408
0.459
0.434
0.401
0.431
0.562
0.440
0.462
0.445
0.439
0.478
0.459
0.437
0.486
0.414
0.526
0.424
0.455
0.497
0.461
0.417
0.421
0.458
0.485
0.449
0.433
0.482
0.403
0.455
0.484
0.433
0.445
0.486
0.411
0.433
0.420
0.453
0.369
0.505
0.446
0.504
0.432
0.516
0.403
0.480
0.369
0.430
0.459
0.426
0.512
0.424
0.487
0.471
0.379
0.447
0.422
0.461
0.482
0.484
0.385
0.457
0.457
0.451
0.479
0.418
0.528
0.450
0.441
0.417
0.421
0.433
0.420
0.477
0.416
0.465
0.483
0.502
0.435
0.513
0.476
0.481
0.461
0.505
0.440
0.488
0.433
0.493
0.462
0.480
0.473
0.421
0.519
0.367
0.481
0.425
0.468
0.392
0.529
0.464
0.520
0.426
0.413
0.450
0.403
0.432
0.499
0.448
0.407
0.481
0.416
0.503
0.402
0.466
0.468
0.496
0.430
0.465
0.470
0.483
0.437
0.424
0.444
0.411
0.435
0.456
0.530
0.445
0.484
0.344
0.484
0.483
0.549
0.564
0.482
0.441
0.559
0.394
0.555
0.541
0.542
0.564
0.361
0.663
0.474
0.666
0.414
0.715
0.463
0.482
0.561
0.644
0.530
0.559
0.626
0.586
0.542
0.546
0.593
0.667
0.629
0.451
0.497
0.617
0.555
0.435
0.513
0.602
0.514
0.579
0.498
0.670
0.543
0.495
0.572
0.493
0.525
0.688
0.419
0.405
0.639
0.304
0.443
0.679
0.836
0.401
0.353
0.390
0.824
0.487
0.427
0.864
0.180
0.565
0.718
0.151
0.715
0.788
0.089
0.595
0.315
0.143
0.389
0.813
0.312
0.393
0.640
0.268
0.604
0.664
0.625
0.467
0.556
0.531
0.790
0.364
0.428
0.510
0.700
0.572
0.282
0.393
0.721
0.329
0.519
0.731
0.439
0.444
0.419
0.725
0.517
0.383
0.470
0.527
0.622
0.408
0.355
0.511
0.646
0.405
0.401
0.547
0.683
0.601
0.370
0.425
0.698
0.627
0.563
0.477
0.350
0.531
0.638
0.610
0.560
0.411
0.485
0.613
0.541
0.432
0.361
0.399
0.507
0.696
0.637
0.606
0.500
0.360
0.341
0.374
0.515
0.635
0.545
0.537
0.340
0.570
0.527
0.560
0.523
0.470
0.331
0.492
0.436
0.659
0.485
0.397
0.367
0.362
0.467
0.635
0.646
0.535
0.521
0.333
0.473
0.558
0.595
0.459
0.377
0.376
0.541
0.651
0.410
0.449
0.341
0.553
0.587
0.604
0.400
0.636
0.595
0.579
0.555
0.483
0.526
0.365
0.542
0.637
0.578
0.471
0.459
0.522
0.584
0.534
0.636
0.501
0.452
0.504
0.468
0.706
0.455
0.588
0.471
0.468
0.281
0.453
0.378
0.735
0.390
0.405
0.457
0.398
0.452
0.569
0.507
0.416
0.421
0.361
0.424
0.408
0.644
0.567
0.399
0.393
0.657
0.621
0.524
0.503
0.503
0.477
0.522
0.560
0.469
0.675
0.617
0.415
0.395
0.352
0.412
0.336
0.641
0.551
0.633
0.474
0.428
0.399
0.352
0.441
0.380
0.463
0.498
0.533
0.600
0.612
0.577
0.535
0.649
0.597
0.478
0.489
0.356
0.451
0.572
0.537
0.676
0.401
0.335
0.326
0.498
0.542
0.484
0.628
0.575
0.627
0.448
0.494
0.413
0.631
0.576
0.433
0.301
0.488
0.488
0.563
0.620
0.461
0.399
0.504
0.638
0.581
0.509
0.393
0.490
0.619
0.614
0.645
0.504
0.389
0.525
0.630
0.598
0.662
0.514
0.490
0.407
0.434
0.533
0.540
0.544
0.541
0.369
0.400
0.530
0.588
0.560
0.388
0.511
0.312
0.447
0.538
0.605
0.353
0.458
0.377
0.406
0.651
0.674
0.400
0.378
0.577
0.513
0.702
0.543
0.593
0.389
0.451
0.581
0.535
0.502
0.520
0.559
0.596
0.641
0.354
0.473
0.353
0.704
0.503
0.442
0.565
0.610
0.376
0.443
0.332
0.687
0.495
0.293
0.455
0.509
0.672
0.414
0.596
0.416
0.508
0.547
0.556
0.582
0.479
0.615
0.527
0.469
0.484
0.395
0.379
0.689
0.506
0.484
0.445
0.631
0.414
0.379
0.626
0.519
0.350
0.346
0.426
0.552
0.399
0.383
0.606
0.565
0.387
0.552
0.528
0.371
0.459
0.666
0.432
0.512
0.544
0.298
0.395
0.450
0.644
0.540
0.318
0.489
0.476
0.445
0.487
0.357
0.355
0.808
0.411
0.504
0.644
0.653
0.399
0.584
0.582
0.638
0.383
0.622
0.641
0.460
0.447
0.633
0.579
0.414
0.653
0.581
0.425
0.388
0.678
0.450
0.352
0.464
0.585
0.631
0.562
0.488
0.549
0.349
0.607
0.497
0.469
0.403
0.542
0.545
0.365
0.436
0.391
0.374
0.470
0.389
0.649
0.521
0.325
0.682
0.627
0.394
0.698
0.410
0.434
0.651
0.487
0.299
0.621
0.319
0.472
0.403
0.691
0.544
0.456
0.360
0.643
0.407
0.493
0.421
0.664
0.290
0.609
0.346
0.401
0.567
0.377
0.627
0.574
0.664
0.357
0.363
0.573
0.475
0.366
0.676
0.328
0.679
0.290
0.688
0.510
0.383
0.424
0.708
0.383
0.501
0.398
0.667
0.492
0.593
0.401
0.699
0.364
0.609
0.403
0.762
0.416
0.590
0.415
0.623
0.474
0.427
0.487
0.284
0.475
0.584
0.495
0.500
0.361
0.560
0.457
0.623
0.431
0.367
0.721
0.450
0.603
0.556
0.338
0.563
0.385
0.655
0.359
0.753
0.440
0.352
0.566
0.565
0.677
0.447
0.454
0.497
0.409
0.546
0.391
0.646
0.411
0.512
0.420
0.740
0.382
0.393
0.426
0.706
0.184
0.511
0.388
0.556
0.330
0.656
0.405
0.720
0.310
0.463
0.433
0.400
0.634
0.465
0.437
0.480
0.523
0.641
0.578
0.377
0.825
0.442
0.595
0.399
0.405
0.659
0.335
0.415
0.388
0.468
0.391
0.476
0.435
0.752
0.496
0.465
0.542
0.159
0.624
0.378
0.283
0.534
0.509
0.451
0.739
0.414
0.293
0.679
0.471
0.437
0.501
0.419
0.454
0.292
0.586
0.394
0.468
0.504
0.423
0.482
0.393
0.447
0.310
0.556
0.442
0.376
0.729
0.343
0.586
0.383
0.636
0.456
0.374
0.367
0.592
0.457
0.311
0.555
0.407
0.409
0.371
0.369
0.571
0.467
0.418
0.497
0.550
0.470
0.750
0.671
0.483
0.660
0.573
0.178
0.628
0.562
0.567
0.261
0.350
0.671
0.520
0.345
0.605
0.446
0.363
0.517
0.607
0.444
0.574
0.455
0.538
0.429
0.353
0.487
0.373
0.653
0.649
0.721
0.356
0.681
0.483
0.394
0.497
0.518
0.599
0.352
0.536
0.511
0.322
0.292
0.446
0.652
0.647
0.767
0.445
0.585
0.400
0.385
0.593
0.471
0.396
0.409
0.514
0.496
0.498
0.597
0.534
0.457
0.437
0.631
0.676
0.643
0.522
0.235
0.562
0.628
0.473
0.248
0.558
0.441
0.597
0.446
0.502
0.320
0.575
0.533
0.336
0.538
0.491
0.381
0.574
0.368
0.410
0.611
0.599
0.386
0.615
0.767
0.445
0.441
0.291
0.570
0.346
0.327
0.330
0.682
0.603
0.555
0.625
0.699
0.511
0.427
0.644
0.489
0.399
0.635
0.683
0.334
0.636
0.400
0.212
0.509
0.583
0.433
0.429
0.436
0.701
0.375
0.470
0.704
0.513
0.355
0.778
0.401
0.551
0.536
0.439
0.651
0.542
0.425
0.362
0.294
0.724
0.673
0.589
0.345
0.383
0.574
0.351
0.742
0.477
0.520
0.335
0.667
0.670
0.595
0.459
0.217
0.161
0.499
0.409
0.289
0.407
0.489
0.345
0.825
0.628
0.434
0.510
0.469
0.547
0.382
0.334
0.715
0.445
0.659
0.511
0.413
0.331
0.377
0.461
0.367
0.398
0.519
0.615
0.561
0.362
0.693
0.532
0.588
0.505
0.308
0.457
0.447
0.341
0.548
0.411
0.315
0.558
0.415
0.468
0.533
0.459
0.780
0.533
0.431
0.384
0.386
0.439
0.437
0.535
0.478
0.663
0.771
0.635
0.403
0.282
0.554
0.463
0.430
0.366
0.823
0.441
0.687
0.635
0.471
0.330
0.338
0.742
0.405
0.600
0.565
0.517
0.293
0.624
0.374
0.654
0.466
0.480
0.596
0.486
0.612
0.683
0.624
0.484
0.562
0.430
0.412
0.658
0.500
0.462
0.230
0.518
0.472
0.368
0.315
0.750
0.628
0.682
0.513
0.460
0.288
0.426
0.416
0.662
0.587
0.665
0.525
0.366
0.296
0.642
0.508
0.472
0.284
0.380
0.600
0.692
0.418
0.553
0.517
0.463
0.209
0.328
0.539
0.638
0.398
0.373
0.304
0.561
0.535
0.529
0.474
0.549
0.266
0.497
0.449
0.378
0.513
0.352
0.809
0.697
0.331
0.437
0.428
0.688
0.474
0.437
0.478
0.595
0.381
0.693
0.512
0.554
0.274
0.373
0.714
0.401
0.603
0.509
0.369
0.657
0.656
0.514
0.533
0.558
0.731
0.643
0.453
0.638
0.572
0.640
0.367
0.720
0.438
0.609
0.375
0.334
0.534
0.626
0.346
0.631
0.305
0.643
0.405
0.248
0.525
0.455
0.382
0.280
0.587
0.689
0.569
0.424
0.357
0.429
0.649
0.287
0.384
0.559
0.345
0.459
0.465
0.560
0.449
0.645
0.270
0.421
0.279
0.702
0.377
0.601
0.367
0.943
0.618
0.466
0.585
0.322
0.770
0.543
0.386
0.168
0.560
0.477
0.642
0.343
0.399
0.558
0.258
0.329
0.511
0.437
0.287
0.693
0.503
0.585
0.285
0.572
0.414
0.415
0.327
0.623
0.441
0.587
0.365
0.533
0.507
0.515
0.312
0.578
0.403
0.643
0.543
0.265
0.405
0.598
0.531
0.339
0.440
0.567
0.279
0.536
0.447
0.630
0.440
0.413
0.590
0.359
0.391
0.470
0.659
0.384
0.386
0.392
0.347
0.293
0.635
0.558
0.618
0.378
0.457
0.422
0.353
0.737
0.643
0.571
0.367
0.825
0.469
0.380
0.438
0.635
0.338
0.659
0.499
0.284
0.389
0.344
0.372
0.636
0.511
0.630
0.321
0.614
0.351
0.487
0.461
0.599
0.575
0.197
0.621
0.351
0.583
0.488
0.519
0.480
0.441
0.687
0.505
0.560
0.343
0.806
0.401
0.530
0.422
0.414
0.313
0.352
0.493
0.244
0.666
0.421
0.719
0.418
0.623
0.362
0.469
0.656
0.499
0.431
0.356
0.597
0.492
0.287
0.530
0.386
0.631
0.352
0.589
0.470
0.523
0.432
0.324
0.722
0.415
0.444
0.441
0.670
0.385
0.493
0.407
0.592
0.466
0.398
0.769
0.457
0.372
0.453
0.409
0.479
0.571
0.729
0.236
0.717
0.306
0.625
0.664
0.412
0.436
0.574
0.491
0.332
0.580
0.452
0.595
0.390
0.583
0.376
0.417
0.374
0.718
0.523
0.556
0.285
0.766
0.482
0.323
0.643
0.603
0.463
0.657
0.534
0.381
0.615
0.407
0.451
0.409
0.638
0.268
0.400
0.357
0.536
0.508
0.558
0.720
0.385
0.453
0.556
0.476
0.504
0.402
0.383
0.578
0.313
0.324
0.346
0.611
0.435
0.723
0.470
0.614
0.276
0.686
0.346
0.565
0.338
0.507
0.395
0.609
0.564
0.572
0.388
0.707
0.812
0.675
0.422
0.636
0.394
0.716
0.659
0.664
0.333
0.406
0.455
0.573
0.559
0.466
0.425
0.503
0.503
0.509
0.557
0.366
0.601
0.326
0.460
0.212
0.499
0.504
0.344
0.478
0.519
0.521
0.471
0.447
0.412
0.505
0.445
0.424
0.497
0.707
0.320
0.532
0.494
0.482
0.524
0.525
0.462
0.607
0.618
0.552
0.426
0.279
0.380
0.282
0.379
0.714
0.553
0.448
0.430
0.446
0.657
0.563
0.428
0.629
0.644
0.288
0.333
0.667
0.424
0.589
0.523
0.413
0.547
0.374
0.441
0.381
0.509
0.353
0.633
0.249
0.451
0.544
0.490
0.432
0.569
0.578
0.568
0.562
0.495
0.509
0.310
0.389
0.530
0.593
0.357
0.523
0.637
0.340
0.673
0.578
0.471
0.441
0.409
0.420
0.425
0.399
0.421
0.415
0.553
0.559
0.394
0.494
0.444
0.415
0.367
0.453
0.320
0.472
0.423
0.743
0.506
0.425
0.654
0.567
0.439
0.568
0.646
0.785
0.442
0.452
0.385
0.370
0.642
0.434
0.401
0.661
0.517
0.525
0.501
0.331
0.427
0.440
0.417
0.495
0.495
0.456
0.805
0.271
0.485
0.344
0.484
0.496
0.486
0.349
0.397
0.388
0.370
0.476
0.705
0.655
0.427
0.439
0.595
0.289
0.577
0.415
0.656
0.384
0.494
0.576
0.370
0.629
0.556
0.502
0.400
0.794
0.551
0.376
0.324
0.375
0.390
0.605
0.488
0.710
0.457
0.605
0.490
0.480
0.412
0.732
0.565
0.489
0.330
0.700
0.497
0.428
0.479
0.644
0.727
0.560
0.520
0.593
0.378
0.459
0.462
0.584
0.766
0.601
0.423
0.808
0.458
0.457
0.575
0.319
0.613
0.502
0.531
0.339
0.494
0.580
0.527
0.413
0.295
0.482
0.493
0.451
0.546
0.494
0.400
0.546
0.483
0.552
0.416
0.590
0.387
0.394
0.361
0.455
0.401
0.682
0.444
0.567
0.473
0.429
0.338
0.558
0.496
0.564
0.504
0.458
0.578
0.637
0.245
0.372
0.471
0.517
0.538
0.257
0.516
0.482
0.414
0.387
0.407
0.787
0.587
0.537
0.534
0.389
0.372
0.624
0.228
0.590
0.463
0.437
0.474
0.380
0.529
0.630
0.736
0.511
0.372
0.379
0.441
0.601
0.484
0.498
0.333
0.448
0.499
0.444
0.420
0.472
0.420
0.142
0.483
0.566
0.355
0.350
0.699
0.563
0.358
0.596
0.623
0.577
0.402
0.669
0.629
0.535
0.541
0.246
0.247
0.298
0.334
0.660
0.316
0.596
0.371
0.659
0.537
0.504
0.464
0.506
0.458
0.562
0.617
0.500
0.334
0.585
0.395
0.629
0.578
0.258
0.254
0.441
0.412
0.505
0.234
0.410
0.478
0.409
0.497
0.625
0.611
0.202
0.652
0.607
0.555
0.505
0.479
0.464
0.469
0.375
0.671
0.744
0.453
0.512
0.702
0.711
0.430
0.619
0.460
0.584
0.409
0.377
0.645
0.396
0.331
0.453
0.325
0.574
0.628
0.411
0.336
0.584
0.447
0.636
0.252
0.635
0.516
0.681
0.623
0.633
0.490
0.365
0.464
0.326
0.552
0.314
0.214
0.768
0.473
0.371
0.592
0.272
0.386
0.536
0.352
0.502
0.559
0.531
0.396
0.440
0.568
0.421
0.563
0.474
0.443
0.349
0.575
0.633
0.330
0.406
0.347
0.412
0.408
0.752
0.383
0.422
0.432
0.640
0.570
0.387
0.392
0.446
0.322
0.423
0.490
0.559
0.601
0.617
0.433
0.536
0.579
0.506
0.543
0.559
0.192
0.632
0.459
0.458
0.299
0.652
0.480
0.714
0.446
0.362
0.283
0.656
0.373
0.496
0.664
0.551
0.258
0.464
0.358
0.442
0.563
0.413
0.349
0.384
0.435
0.368
0.564
0.559
0.576
0.508
0.724
0.401
0.487
0.374
0.330
0.708
0.693
0.541
0.664
0.664
0.525
0.512
0.281
0.761
0.476
0.452
0.635
0.549
0.590
0.304
0.413
0.690
0.669
0.683
0.704
0.463
0.466
0.365
0.520
0.608
0.533
0.391
0.431
0.207
0.225
0.355
0.395
0.498
0.579
0.459
0.428
0.596
0.685
0.579
0.830
0.595
0.563
0.489
0.438
0.338
0.310
0.588
0.512
0.630
0.611
0.565
0.466
0.679
0.540
0.538
0.537
0.522
0.284
0.324
0.251
0.514
0.501
0.391
0.366
0.488
0.558
0.620
0.667
0.736
0.532
0.566
0.275
0.362
0.437
0.487
0.261
0.254
0.361
0.704
0.436
0.344
0.418
0.388
0.563
0.592
0.509
0.511
0.371
0.539
0.505
0.578
0.671
0.355
0.498
0.332
0.519
0.398
0.518
0.352
0.348
0.565
0.693
0.808
0.572
0.616
0.404
0.369
0.320
0.524
0.254
0.585
0.590
0.651
0.433
0.361
0.527
0.695
0.544
0.455
0.398
0.343
0.661
0.545
0.455
0.315
0.383
0.416
0.171
0.474
0.365
0.361
0.182
0.584
0.257
0.402
0.556
0.416
0.689
0.357
0.610
0.491
0.588
0.722
0.644
0.586
0.396
0.346
0.437
0.485
0.354
0.323
0.415
0.628
0.497
0.687
0.593
0.534
0.343
0.552
0.630
0.458
0.605
0.494
0.610
0.342
0.421
0.572
0.492
0.421
0.485
0.422
0.234
0.507
0.283
0.663
0.580
0.533
0.579
0.721
0.398
0.673
0.604
0.615
0.702
0.555
0.620
0.503
0.621
0.425
0.417
0.405
0.266
0.446
0.511
0.787
0.465
0.342
0.347
0.629
0.532
0.460
0.367
0.327
0.577
0.584
0.348
0.656
0.637
0.424
0.521
0.269
0.625
0.620
0.602
0.569
0.573
0.585
0.585
0.622
0.616
0.736
0.430
0.265
0.473
0.455
0.223
0.606
0.521
0.381
0.331
0.236
0.420
0.389
0.576
0.575
0.575
0.680
0.578
0.450
0.306
0.449
0.284
0.411
0.419
0.332
0.386
0.333
0.472
0.469
0.400
0.552
0.509
0.459
0.743
0.684
0.405
0.432
0.526
0.549
0.558
0.418
0.397
0.383
0.392
0.409
0.453
0.469
0.507
0.425
0.306
0.455
0.510
0.356
0.570
0.263
0.510
0.582
0.608
0.648
0.508
0.396
0.428
0.523
0.430
0.205
0.765
0.473
0.444
0.253
0.558
0.437
0.510
0.482
0.547
0.551
0.531
0.532
0.371
0.596
0.591
0.465
0.302
0.583
0.595
0.589
0.423
0.502
0.195
0.809
0.753
0.534
0.571
0.485
0.817
0.389
0.444
0.608
0.830
0.492
0.512
0.444
0.301
0.345
0.565
0.580
0.640
0.388
0.411
0.418
0.702
0.411
0.656
0.750
0.591
0.396
0.365
0.579
0.753
0.698
0.712
0.413
0.639
0.300
0.447
0.663
0.627
0.660
0.687
0.633
0.540
0.439
0.446
0.423
0.309
0.375
0.620
0.472
0.272
0.244
0.785
0.730
0.481
0.493
0.436
0.732
0.666
0.357
0.287
0.501
0.644
0.583
0.629
0.666
0.655
0.594
0.679
0.583
0.464
0.520
0.544
0.752
0.465
0.350
0.335
0.577
0.583
0.589
0.386
0.667
0.637
0.500
0.371
0.349
0.670
0.362
0.375
0.304
0.325
0.437
0.727
0.465
0.369
0.581
0.453
0.479
0.556
0.551
0.704
0.738
0.330
0.594
0.511
0.775
0.435
0.438
0.348
0.762
0.635
0.492
0.422
0.646
0.466
0.640
0.614
0.438
0.244
0.513
0.498
0.444
0.384
0.317
0.469
0.628
0.657
0.656
0.403
0.769
0.604
0.637
0.285
0.663
0.438
0.359
0.352
0.287
0.414
0.718
0.439
0.299
0.840
0.557
0.644
0.564
0.432
0.545
0.562
0.663
0.582
0.531
0.481
0.304
0.138
0.695
0.652
0.418
0.415
0.331
0.312
0.638
0.567
0.668
0.275
0.529
0.583
0.537
0.571
0.573
0.582
0.412
0.422
0.640
0.628
0.435
0.427
0.822
0.426
0.343
0.712
0.442
0.428
0.336
0.606
0.367
0.603
0.357
0.385
0.548
0.644
0.499
0.387
0.795
0.212
0.716
0.420
0.390
0.588
0.544
0.515
0.382
0.167
0.649
0.535
0.505
0.506
0.544
0.372
0.591
0.588
0.633
0.547
0.453
0.575
0.601
0.511
0.599
0.434
0.642
0.535
0.375
0.609
0.663
0.418
0.482
0.381
0.440
0.670
0.760
0.673
0.421
0.394
0.331
0.314
0.520
0.653
0.730
0.350
0.424
0.191
0.547
0.364
0.380
0.445
0.447
0.385
0.332
0.516
0.623
0.535
0.403
0.652
0.297
0.427
0.386
0.481
0.448
0.515
0.407
0.577
0.591
0.327
0.419
0.461
0.302
0.540
0.669
0.148
0.264
0.779
0.663
0.325
0.824
0.442
0.637
0.693
0.717
0.550
0.519
0.428
0.533
0.429
0.386
0.607
0.391
0.145
0.349
0.729
0.676
0.508
0.641
0.634
0.411
0.315
0.492
0.701
0.329
0.438
0.324
0.681
0.616
0.552
0.467
0.371
0.352
0.538
0.375
0.392
0.490
0.343
0.589
0.714
0.419
0.348
0.494
0.243
0.293
0.439
0.508
0.319
0.305
0.615
0.624
0.228
0.210
0.311
0.311
0.467
0.544
0.334
0.647
0.535
0.268
0.379
0.352
0.373
0.309
0.648
0.457
0.558
0.261
0.715
0.373
0.639
0.536
0.506
0.524
0.353
0.596
0.443
0.535
0.508
0.448
0.601
0.509
0.300
0.545
0.586
0.529
0.328
0.267
0.492
0.414
0.400
0.593
0.435
0.507
0.261
0.790
0.489
0.408
0.268
0.666
0.351
0.260
0.493
0.588
0.494
0.407
0.706
0.354
0.165
0.677
0.364
0.581
0.613
0.448
0.700
0.448
0.470
0.308
0.381
0.646
0.365
0.457
0.667
0.514
0.414
0.270
0.768
0.265
0.523
0.517
0.733
0.525
0.488
0.625
0.636
0.496
0.404
0.305
0.414
0.394
0.276
0.392
0.683
0.613
0.576
0.375
0.265
0.410
0.472
0.523
0.714
0.624
0.409
0.339
0.234
0.643
0.633
0.470
0.368
0.516
0.405
0.425
0.719
0.455
0.354
0.371
0.562
0.512
0.283
0.594
0.680
0.297
0.703
0.465
0.361
0.661
0.452
0.625
0.680
0.499
0.540
0.676
0.449
0.628
0.853
0.390
0.487
0.471
0.576
0.228
0.457
0.280
0.572
0.640
0.520
0.457
0.813
0.420
0.199
0.385
0.528
0.487
0.494
0.339
0.443
0.546
0.159
0.602
0.292
0.731
0.518
0.240
0.438
0.327
0.169
0.419
0.282
0.652
0.647
0.523
0.401
0.698
0.377
0.562
0.390
0.704
0.485
0.599
0.579
0.642
0.284
0.563
0.551
0.779
0.399
0.396
0.453
0.312
0.399
0.488
0.507
0.558
0.330
0.623
0.518
0.455
0.507
0.652
0.467
0.225
0.727
0.463
0.364
0.252
0.665
0.497
0.267
0.505
0.484
0.437
0.541
0.473
0.419
0.320
0.269
0.521
0.459
0.451
0.465
0.444
0.472
0.512
0.411
0.451
0.371
0.413
0.641
0.404
0.388
0.410
0.603
0.462
0.583
0.348
0.412
0.342
0.304
0.667
0.645
0.351
0.409
0.583
0.370
0.207
0.545
0.479
0.440
0.794
0.426
0.652
0.397
0.349
0.338
0.496
0.468
0.431
0.447
0.731
0.260
0.471
0.638
0.309
0.733
0.625
0.422
0.628
0.370
0.411
0.325
0.728
0.400
0.647
0.268
0.583
0.346
0.369
0.631
0.593
0.458
0.733
0.386
0.412
0.487
0.289
0.692
0.510
0.782
0.348
0.469
0.749
0.539
0.318
0.452
0.395
0.303
0.655
0.595
0.526
0.232
0.433
0.554
0.469
0.424
0.541
0.521
0.422
0.376
0.416
0.362
0.331
0.506
0.316
0.552
0.408
0.753
0.562
0.398
0.336
0.569
0.587
0.557
0.467
0.324
0.395
0.599
0.717
0.353
0.642
0.471
0.581
0.634
0.470
0.624
0.597
0.551
0.307
0.533
0.236
0.631
0.481
0.367
0.761
0.489
0.557
0.509
0.440
0.448
0.559
0.432
0.660
0.713
0.550
0.406
0.545
0.592
0.632
0.429
0.300
0.433
0.468
0.697
0.443
0.359
0.430
0.664
0.440
0.510
0.585
0.271
0.406
0.710
0.405
0.599
0.457
0.593
0.498
0.544
0.488
0.388
0.243
0.594
0.452
0.744
0.324
0.447
0.480
0.527
0.607
0.541
0.705
0.420
0.620
0.662
0.389
0.510
0.459
0.798
0.379
0.477
0.600
0.460
0.607
0.597
0.600
0.627
0.537
0.580
0.575
0.636
0.425
0.420
0.469
0.342
0.351
0.525
0.665
0.425
0.483
0.540
0.390
0.460
0.463
0.417
0.664
0.477
0.402
0.387
0.317
0.426
0.410
0.431
0.507
0.622
0.227
0.614
0.488
0.417
0.352
0.201
0.699
0.710
0.510
0.634
0.438
0.276
0.634
0.331
0.345
0.485
0.405
0.428
0.411
0.597
0.385
0.199
0.738
0.579
0.541
0.415
0.394
0.372
0.380
0.287
0.545
0.509
0.446
0.490
0.412
0.348
0.494
0.401
0.710
0.642
0.634
0.546
0.389
0.641
0.447
0.544
0.491
0.755
0.504
0.606
0.417
0.630
0.609
0.510
0.413
0.727
0.438
0.650
0.400
0.735
0.331
0.612
0.511
0.559
0.695
0.642
0.283
0.360
0.553
0.511
0.492
0.360
0.278
0.234
0.613
0.405
0.459
0.416
0.717
0.596
0.740
0.273
0.607
0.625
0.389
0.247
0.803
0.580
0.590
0.396
0.533
0.764
0.351
0.380
0.656
0.412
0.323
0.662
0.598
0.353
0.537
0.650
0.574
0.382
0.525
0.597
0.483
0.352
0.591
0.567
0.380
0.495
0.418
0.576
0.606
0.440
0.304
0.522
0.455
0.681
0.696
0.487
0.422
0.432
0.573
0.346
0.571
0.369
0.275
0.361
0.677
0.491
0.502
0.640
0.524
0.422
0.537
0.513
0.438
0.602
0.869
0.191
0.346
0.530
0.259
0.514
0.656
0.412
0.627
0.431
0.640
0.404
0.234
0.679
0.538
0.239
0.178
0.549
0.669
0.364
0.305
0.441
0.662
0.455
0.637
0.512
0.364
0.283
0.682
0.423
0.510
0.567
0.485
0.493
0.368
0.577
0.191
0.680
0.319
0.543
0.205
0.576
0.341
0.482
0.275
0.514
0.543
0.515
0.195
0.763
0.560
0.568
0.347
0.724
0.629
0.533
0.282
0.632
0.519
0.334
0.770
0.535
0.275
0.266
0.525
0.461
0.695
0.604
0.273
0.671
0.600
0.378
0.271
0.393
0.605
0.579
0.508
0.429
0.687
0.317
0.251
0.601
0.357
0.353
0.523
0.733
0.524
0.441
0.589
0.326
0.309
0.563
0.524
0.680
0.518
0.605
0.463
0.680
0.475
0.504
0.559
0.400
0.378
0.759
0.512
0.367
0.523
0.271
0.741
0.568
0.643
0.542
0.595
0.668
0.589
0.519
0.433
0.476
0.396
0.817
0.597
0.431
0.709
0.649
0.550
0.523
0.330
0.331
0.667
0.409
0.753
0.631
0.516
0.450
0.406
0.748
0.327
0.405
0.747
0.361
0.422
0.768
0.566
0.273
0.487
0.609
0.434
0.484
0.304
0.441
0.678
0.642
0.299
0.376
0.255
0.437
0.307
0.584
0.273
0.384
0.592
0.584
0.491
0.448
0.617
0.710
0.378
0.581
0.535
0.616
0.432
0.264
0.445
0.559
0.453
0.209
0.471
0.509
0.525
0.410
0.604
0.494
0.413
0.508
0.496
0.276
0.754
0.685
0.619
0.358
0.442
0.635
0.417
0.477
0.349
0.295
0.536
0.619
0.408
0.358
0.542
0.427
0.343
0.569
0.382
0.392
0.406
0.499
0.581
0.379
0.494
0.374
0.430
0.335
0.578
0.512
0.644
0.391
0.572
0.415
0.285
0.609
0.436
0.694
0.448
0.302
0.409
0.476
0.289
0.608
0.483
0.480
0.678
0.627
0.477
0.551
0.577
0.414
0.678
0.558
0.389
0.629
0.501
0.514
0.607
0.764
0.309
0.616
0.483
0.483
0.324
0.642
0.549
0.460
0.702
0.504
0.523
0.322
0.518
0.518
0.375
0.564
0.373
0.310
0.470
0.388
0.451
0.601
0.505
0.415
0.336
0.690
0.421
0.359
0.691
0.663
0.453
0.893
0.481
0.501
0.689
0.753
0.423
0.338
0.412
0.655
0.427
0.348
0.348
0.675
0.756
0.611
0.478
0.481
0.599
0.522
0.601
0.399
0.257
0.689
0.398
0.360
0.644
0.567
0.378
0.458
0.624
0.593
0.639
0.698
0.544
0.475
0.650
0.456
0.392
0.400
0.524
0.168
0.524
0.350
0.464
0.744
0.312
0.617
0.432
0.546
0.446
0.333
0.406
0.387
0.221
0.575
0.468
0.423
0.691
0.513
0.503
0.437
0.383
0.603
0.471
0.477
0.164
0.639
0.541
0.779
0.432
0.711
0.676
0.524
0.526
0.522
0.299
0.397
0.307
0.463
0.662
0.335
0.633
0.502
0.294
0.599
0.362
0.553
0.613
0.381
0.465
0.387
0.833
0.338
0.162
0.690
0.388
0.519
0.519
0.487
0.292
0.533
0.240
0.515
0.417
0.601
0.353
0.263
0.561
0.519
0.659
0.386
0.628
0.514
0.455
0.282
0.701
0.473
0.634
0.433
0.541
0.417
0.279
0.645
0.448
0.550
0.244
0.524
0.385
0.443
0.610
0.641
0.462
0.601
0.255
0.634
0.450
0.279
0.652
0.373
0.608
0.468
0.554
0.356
0.427
0.455
0.534
0.364
0.694
0.669
0.567
0.509
0.313
0.794
0.458
0.526
0.323
0.674
0.545
0.619
0.402
0.438
0.417
0.440
0.728
0.319
0.418
0.696
0.756
0.661
0.461
0.465
0.426
0.554
0.555
0.706
0.485
0.617
0.659
0.375
0.490
0.490
0.378
0.529
0.488
0.689
0.632
0.548
0.489
0.645
0.452
0.496
0.511
0.305
0.734
0.507
0.756
0.623
0.332
0.409
0.345
0.435
0.317
0.484
0.436
0.670
0.501
0.368
0.687
0.791
0.457
0.332
0.546
0.702
0.659
0.345
0.793
0.552
0.398
0.610
0.612
0.378
0.567
0.492
0.686
0.621
0.447
0.410
0.783
0.452
0.395
0.729
0.485
0.534
0.444
0.621
0.320
0.173
0.603
0.501
0.528
0.695
0.668
0.425
0.346
0.550
0.464
0.575
0.307
0.699
0.637
0.480
0.420
0.392
0.578
0.530
0.668
0.624
0.418
0.423
0.660
0.127
0.330
0.647
0.676
0.403
0.477
0.614
0.366
0.359
0.836
0.465
0.539
0.230
0.397
0.457
0.443
0.570
0.438
0.463
0.547
0.551
0.399
0.302
0.631
0.402
0.330
0.573
0.499
0.607
0.284
0.449
0.446
0.367
0.483
0.461
0.692
0.581
0.452
0.336
0.297
0.338
0.610
0.529
0.730
0.495
0.545
0.476
0.399
0.363
0.553
0.521
0.476
0.758
0.378
0.335
0.650
0.551
0.389
0.301
0.501
0.644
0.465
0.457
0.403
0.673
0.649
0.609
0.489
0.327
0.633
0.460
0.255
0.406
0.637
0.504
0.485
0.566
0.659
0.535
0.349
0.585
0.362
0.528
0.429
0.447
0.621
0.473
0.748
0.643
0.521
0.409
0.551
0.617
0.619
0.433
0.358
0.559
0.549
0.566
0.757
0.374
0.741
0.331
0.571
0.479
0.527
0.463
0.480
0.347
0.477
0.481
0.573
0.408
0.469
0.498
0.565
0.691
0.572
0.596
0.497
0.339
0.487
0.677
0.527
0.570
0.481
0.394
0.751
0.500
0.526
0.520
0.465
0.509
0.494
0.463
0.490
0.472
0.627
0.446
0.254
0.473
0.358
0.371
0.708
0.526
0.535
0.616
0.551
0.399
0.692
0.366
0.575
0.608
0.366
0.307
0.897
0.399
0.671
0.461
0.589
0.595
0.447
0.447
0.381
0.462
0.349
0.345
0.697
0.564
0.469
0.426
0.683
0.451
0.610
0.424
0.729
0.447
0.403
0.535
0.710
0.447
0.663
0.357
0.264
0.325
0.311
0.830
0.463
0.548
0.588
0.394
0.658
0.689
0.294
0.661
0.421
0.485
0.226
0.589
0.378
0.738
0.433
0.843
0.413
0.440
0.448
0.334
0.569
0.457
0.476
0.500
0.657
0.327
0.681
0.410
0.496
0.435
0.464
0.531
0.397
0.462
0.393
0.702
0.310
0.630
0.525
0.616
0.336
0.732
0.479
0.495
0.423
0.598
0.458
0.384
0.589
0.572
0.419
0.554
0.396
0.420
0.405
0.370
0.386
0.523
0.635
0.367
0.389
0.376
0.463
0.397
0.420
0.373
0.418
0.484
0.490
0.310
0.696
0.619
0.538
0.414
0.292
0.370
0.574
0.575
0.444
0.565
0.418
0.570
0.540
0.340
0.291
0.701
0.562
0.430
0.395
0.477
0.499
0.661
0.408
0.199
0.490
0.581
0.302
0.664
0.533
0.418
0.560
0.566
0.470
0.676
0.569
0.606
0.403
0.507
0.402
0.442
0.520
0.575
0.370
0.528
0.219
0.788
0.480
0.562
0.458
0.610
0.458
0.414
0.387
0.396
0.443
0.618
0.533
0.803
0.277
0.456
0.592
0.365
0.397
0.312
0.517
0.470
0.605
0.535
0.268
0.461
0.587
0.495
0.219
0.327
0.488
0.466
0.309
0.540
0.604
0.345
0.424
0.424
0.307
0.396
0.699
0.396
0.372
0.542
0.444
0.650
0.632
0.580
0.356
0.475
0.524
0.532
0.613
0.419
0.273
0.688
0.614
0.497
0.507
0.512
0.388
0.644
0.448
0.567
0.591
0.819
0.678
0.429
0.356
0.348
0.442
0.476
0.559
0.753
0.548
0.515
0.599
0.397
0.594
0.507
0.619
0.547
0.551
0.412
0.409
0.690
0.422
0.366
0.416
0.305
0.427
0.514
0.315
0.708
0.298
0.662
0.373
0.305
0.526
0.533
0.447
0.382
0.290
0.645
0.502
0.376
0.455
0.641
0.333
0.719
0.555
0.607
0.518
0.351
0.557
0.406
0.438
0.759
0.435
0.454
0.510
0.534
0.355
0.737
0.508
0.450
0.356
0.731
0.481
0.430
0.396
0.736
0.512
0.619
0.442
0.649
0.507
0.698
0.625
0.764
0.398
0.395
0.441
0.481
0.452
0.316
0.625
0.430
0.447
0.423
0.474
0.544
0.563
0.405
0.582
0.786
0.371
0.397
0.426
0.624
0.464
0.432
0.421
0.503
0.416
0.394
0.406
0.660
0.459
0.306
0.627
0.616
0.423
0.258
0.373
0.656
0.575
0.409
0.492
0.414
0.372
0.468
0.402
0.322
0.435
0.622
0.551
0.493
0.557
0.513
0.524
0.626
0.589
0.814
0.632
0.398
0.491
0.308
0.593
0.594
0.393
0.742
0.468
0.614
0.485
0.509
0.524
0.433
0.416
0.298
0.652
0.653
0.351
0.574
0.440
0.619
0.510
0.384
0.615
0.475
0.361
0.664
0.500
0.514
0.588
0.644
0.523
0.635
0.599
0.492
0.350
0.634
0.462
0.728
0.387
0.549
0.452
0.696
0.547
0.604
0.360
0.332
0.297
0.426
0.683
0.404
0.291
0.725
0.445
0.525
0.526
0.345
0.632
0.450
0.246
0.404
0.553
0.340
0.375
0.553
0.441
0.336
0.454
0.342
0.736
0.336
0.721
0.442
0.519
0.459
0.551
0.359
0.500
0.443
0.551
0.493
0.516
0.408
0.576
0.439
0.348
0.674
0.425
0.498
0.430
0.422
0.595
0.477
0.633
0.465
0.248
0.623
0.448
0.403
0.571
0.430
0.573
0.403
0.589
0.372
0.584
0.328
0.611
0.424
0.672
0.303
0.756
0.418
0.494
0.735
0.170
0.624
0.385
0.782
0.504
0.453
0.432
0.592
0.283
0.588
0.479
0.591
0.581
0.629
0.438
0.245
0.754
0.546
0.395
0.288
0.461
0.399
0.723
0.282
0.521
0.387
0.636
0.424
0.611
0.416
0.590
0.377
0.380
0.753
0.490
0.593
0.390
0.634
0.328
0.757
0.316
0.438
0.553
0.501
0.536
0.433
0.631
0.342
0.386
0.449
0.540
0.581
0.455
0.762
0.551
0.580
0.400
0.379
0.279
0.779
0.619
0.401
0.500
0.577
0.523
0.572
0.658
0.686
0.519
0.668
0.422
0.652
0.530
0.380
0.513
0.656
0.408
0.674
0.332
0.664
0.416
0.748
0.573
0.395
0.675
0.423
0.468
0.660
0.517
0.667
0.519
0.577
0.391
0.426
0.586
0.453
0.429
0.344
0.416
0.297
0.556
0.642
0.474
0.698
0.578
0.408
0.539
0.475
0.447
0.790
0.683
0.560
0.391
0.612
0.301
0.520
0.198
0.474
0.481
0.681
0.605
0.806
0.359
0.735
0.473
0.588
0.441
0.717
0.324
0.749
0.388
0.550
0.455
0.620
0.685
0.385
0.425
0.248
0.371
0.484
0.396
0.723
0.323
0.828
0.397
0.519
0.420
0.468
0.365
0.307
0.662
0.609
0.259
0.535
0.547
0.575
0.504
0.661
0.446
0.427
0.458
0.353
0.597
0.450
0.320
0.822
0.426
0.487
0.308
0.677
0.363
0.432
0.533
0.749
0.420
0.496
0.558
0.629
0.515
0.250
0.878
0.587
0.359
0.452
0.422
0.367
0.358
0.270
0.565
0.680
0.451
0.809
0.557
0.522
0.367
0.709
0.389
0.350
0.445
0.581
0.450
0.528
0.363
0.628
0.597
0.388
0.622
0.479
0.523
0.438
0.503
0.404
0.451
0.711
0.553
0.377
0.477
0.625
0.411
0.380
0.695
0.590
0.437
0.435
0.381
0.510
0.346
0.741
0.405
0.487
0.494
0.478
0.347
0.701
0.458
0.870
0.431
0.473
0.556
0.323
0.644
0.345
0.353
0.711
0.597
0.474
0.529
0.301
0.630
0.402
0.491
0.394
0.505
0.722
0.358
0.419
0.459
0.563
0.626
0.373
0.578
0.518
0.399
0.874
0.526
0.555
0.326
0.639
0.658
0.444
0.555
0.523
0.257
0.488
0.726
0.541
0.479
0.383
0.533
0.332
0.655
0.473
0.469
0.385
0.559
0.350
0.445
0.622
0.468
0.606
0.385
0.358
0.533
0.559
0.578
0.357
0.431
0.535
0.386
0.522
0.381
0.443
0.580
0.514
0.492
0.606
0.468
0.494
0.573
0.235
0.691
0.422
0.327
0.668
0.312
0.657
0.455
0.517
0.454
0.570
0.442
0.651
0.589
0.412
0.653
0.439
0.293
0.657
0.343
0.407
0.449
0.392
0.622
0.551
0.398
0.535
0.445
0.434
0.502
0.889
0.478
0.362
0.754
0.320
0.736
0.341
0.761
0.365
0.274
0.581
0.361
0.332
0.515
0.547
0.391
0.487
0.380
0.528
0.679
0.653
0.600
0.530
0.415
0.610
0.442
0.500
0.749
0.378
0.638
0.506
0.612
0.453
0.497
0.448
0.632
0.401
0.450
0.480
0.670
0.591
0.653
0.463
0.416
0.395
0.576
0.435
0.382
0.177
0.444
0.545
0.530
0.707
0.428
0.383
0.345
0.353
0.505
0.602
0.387
0.556
0.532
0.462
0.684
0.471
0.491
0.454
0.506
0.693
0.558
0.667
0.510
0.428
0.306
0.484
0.350
0.603
0.515
0.508
0.484
0.677
0.439
0.459
0.425
0.407
0.475
0.528
0.490
0.707
0.531
0.452
0.536
0.437
0.644
0.495
0.403
0.578
0.311
0.682
0.533
0.352
0.661
0.615
0.384
0.560
0.233
0.522
0.626
0.588
0.295
0.757
0.504
0.618
0.492
0.614
0.245
0.466
0.616
0.615
0.422
0.447
0.191
0.505
0.449
0.545
0.551
0.536
0.346
0.412
0.600
0.346
0.211
0.644
0.403
0.427
0.492
0.340
0.665
0.507
0.568
0.368
0.480
0.255
0.552
0.315
0.498
0.463
0.587
0.515
0.566
0.392
0.732
0.253
0.368
0.422
0.796
0.411
0.507
0.623
0.602
0.532
0.304
0.516
0.315
0.405
0.588
0.509
0.701
0.484
0.467
0.364
0.618
0.399
0.649
0.401
0.459
0.559
0.472
0.714
0.586
0.377
0.473
0.422
0.631
0.455
0.346
0.568
0.356
0.705
0.384
0.592
0.501
0.558
0.510
0.322
0.534
0.688
0.831
0.460
0.399
0.492
0.500
0.408
0.507
0.513
0.582
0.473
0.496
0.443
0.346
0.553
0.690
0.494
0.724
0.535
0.786
0.382
0.507
0.606
0.342
0.789
0.538
0.555
0.516
0.356
0.877
0.522
0.481
0.438
0.431
0.692
0.464
0.443
0.390
0.441
0.709
0.454
0.368
0.479
0.437
0.390
0.355
0.661
0.564
0.445
0.416
0.344
0.462
0.427
0.445
0.672
0.489
0.602
0.557
0.488
0.403
0.532
0.388
0.451
0.361
0.852
0.466
0.451
0.388
0.446
0.442
0.461
0.375
0.598
0.418
0.396
0.431
0.399
0.522
0.457
0.549
0.429
0.493
0.671
0.503
0.331
0.618
0.476
0.593
0.410
0.677
0.564
0.506
0.670
0.478
0.454
0.401
0.433
0.557
0.558
0.539
0.576
0.569
0.346
0.759
0.401
0.362
0.383
0.559
0.452
0.648
0.439
0.400
0.547
0.455
0.473
0.460
0.842
0.741
0.619
0.754
0.560
0.317
0.513
0.588
0.387
0.662
0.514
0.435
0.619
0.633
0.562
0.806
0.448
0.620
0.484
0.438
0.761
0.625
0.191
0.481
0.405
0.459
0.373
0.420
0.449
0.729
0.455
0.532
0.499
0.691
0.425
0.557
0.554
0.417
0.289
0.542
0.690
0.336
0.470
0.378
0.344
0.664
0.334
0.463
0.378
0.704
0.449
0.470
0.506
0.410
0.466
0.527
0.535
0.291
0.579
0.435
0.529
0.356
0.599
0.609
0.421
0.441
0.351
0.739
0.429
0.405
0.233
0.437
0.771
0.684
0.418
0.524
0.583
0.417
0.362
0.555
0.440
0.524
0.353
0.348
0.564
0.690
0.590
0.508
0.407
0.349
0.748
0.601
0.495
0.762
0.530
0.424
0.650
0.462
0.448
0.272
0.607
0.713
0.504
0.468
0.499
0.278
0.483
0.321
0.412
0.402
0.392
0.345
0.653
0.483
0.419
0.446
0.407
0.557
0.276
0.453
0.419
0.526
0.407
0.458
0.424
0.626
0.539
0.550
0.532
0.591
0.468
0.613
0.350
0.398
0.667
0.374
0.622
0.446
0.718
0.664
0.482
0.729
0.460
0.584
0.500
0.517
0.691
0.506
0.487
0.334
0.257
0.430
0.589
0.462
0.429
0.528
0.521
0.698
0.581
0.567
0.319
0.258
0.447
0.679
0.300
0.422
0.430
0.561
0.423
0.389
0.587
0.670
0.428
0.425
0.448
0.538
0.419
0.398
0.383
0.458
0.402
0.626
0.546
0.352
0.324
0.738
0.398
0.404
0.412
0.524
0.398
0.338
0.513
0.674
0.481
0.398
0.698
0.486
0.656
0.307
0.429
0.355
0.568
0.536
0.381
0.485
0.392
0.752
0.446
0.711
0.581
0.399
0.349
0.475
0.489
0.401
0.673
0.736
0.487
0.506
0.247
0.485
0.608
0.331
0.821
0.513
0.677
0.444
0.462
0.731
0.485
0.350
0.700
0.359
0.732
0.537
0.502
0.415
0.521
0.407
0.413
0.490
0.578
0.355
0.565
0.409
0.581
0.494
0.385
0.451
0.627
0.393
0.347
0.583
0.418
0.513
0.503
0.435
0.668
0.447
0.571
0.609
0.418
0.352
0.631
0.407
0.600
0.461
0.468
0.417
0.693
0.526
0.716
0.500
0.560
0.453
0.454
0.648
0.471
0.428
0.498
0.457
0.407
0.365
0.430
0.240
0.469
0.403
0.576
0.484
0.445
0.477
0.610
0.397
0.421
0.632
0.368
0.489
0.678
0.500
0.555
0.416
0.674
0.370
0.662
0.505
0.527
0.294
0.652
0.471
0.586
0.456
0.532
0.444
0.369
0.514
0.639
0.472
0.357
0.506
0.746
0.482
0.688
0.562
0.573
0.321
0.438
0.572
0.526
0.531
0.492
0.596
0.551
0.521
0.767
0.418
0.521
0.358
0.744
0.590
0.571
0.666
0.363
0.393
0.546
0.419
0.438
0.517
0.576
0.403
0.698
0.502
0.502
0.812
0.346
0.563
0.450
0.499
0.559
0.358
0.672
0.576
0.574
0.454
0.730
0.463
0.709
0.485
0.373
0.646
0.445
0.402
0.440
0.412
0.418
0.677
0.514
0.429
0.372
0.530
0.797
0.724
0.397
0.488
0.686
0.389
0.821
0.455
0.361
0.704
0.600
0.445
0.607
0.615
0.551
0.555
0.655
0.321
0.472
0.570
0.414
0.461
0.727
0.487
0.357
0.329
0.817
0.527
0.549
0.519
0.783
0.528
0.478
0.388
0.765
0.501
0.364
0.541
0.402
0.369
0.501
0.448
0.574
0.434
0.303
0.506
0.456
0.556
0.409
0.640
0.423
0.445
0.368
0.496
0.506
0.527
0.393
0.451
0.754
0.525
0.679
0.568
0.670
0.479
0.670
0.372
0.573
0.455
0.446
0.556
0.540
0.266
0.719
0.520
0.379
0.492
0.493
0.388
0.494
0.579
0.811
0.396
0.628
0.305
0.523
0.348
0.333
0.605
0.407
0.376
0.658
0.486
0.473
0.311
0.359
0.524
0.455
0.527
0.353
0.500
0.443
0.440
0.520
0.426
0.433
0.737
0.444
0.603
0.320
0.473
0.369
0.505
0.568
0.483
0.369
0.529
0.612
0.464
0.515
0.599
0.668
0.704
0.488
0.498
0.610
0.490
0.444
0.496
0.405
0.463
0.493
0.617
0.548
0.430
0.534
0.605
0.455
0.396
0.683
0.333
0.392
0.558
0.396
0.326
0.464
0.635
0.228
0.629
0.248
0.487
0.621
0.539
0.475
0.472
0.436
0.684
0.418
0.538
0.418
0.658
0.500
0.485
0.618
0.714
0.545
0.413
0.259
0.517
0.450
0.638
0.706
0.347
0.504
0.451
0.387
0.613
0.359
0.481
0.482
0.616
0.548
0.449
0.725
0.382
0.447
0.662
0.587
0.396
0.567
0.503
0.484
0.687
0.431
0.469
0.531
0.698
0.519
0.551
0.297
0.676
0.445
0.448
0.470
0.447
0.614
0.238
0.576
0.429
0.585
0.570
0.385
0.538
0.428
0.371
0.425
0.694
0.406
0.434
0.448
0.547
0.342
0.545
0.565
0.672
0.501
0.483
0.594
0.497
0.410
0.689
0.406
0.402
0.605
0.549
0.566
0.404
0.503
0.562
0.611
0.464
0.475
0.594
0.467
0.286
0.630
0.423
0.418
0.461
0.474
0.578
0.639
0.515
0.507
0.446
0.371
0.518
0.491
0.523
0.399
0.629
0.654
0.500
0.464
0.690
0.405
0.376
0.487
0.421
0.622
0.604
0.355
0.754
0.518
0.624
0.472
0.455
0.345
0.788
0.449
0.478
0.390
0.549
0.466
0.475
0.534
0.736
0.451
0.465
0.534
0.368
0.782
0.355
0.493
0.536
0.517
0.580
0.623
0.509
0.497
0.511
0.514
0.276
0.608
0.421
0.529
0.472
0.518
0.442
0.693
0.614
0.563
0.783
0.425
0.631
0.383
0.457
0.631
0.606
0.334
0.499
0.581
0.506
0.412
0.464
0.562
0.546
0.376
0.500
0.471
0.576
0.614
0.727
0.432
0.684
0.348
0.775
0.654
0.537
0.432
0.524
0.529
0.506
0.703
0.512
0.658
0.508
0.446
0.406
0.624
0.378
0.764
0.384
0.637
0.559
0.480
0.421
0.767
0.604
0.645
0.607
0.561
0.408
0.467
0.646
0.480
0.471
0.554
0.437
0.552
0.378
0.703
0.457
0.524
0.500
0.514
0.579
0.485
0.628
0.500
0.411
0.499
0.620
0.477
0.403
0.605
0.574
0.566
0.750
0.496
0.565
0.360
0.469
0.558
0.659
0.414
0.411
0.502
0.424
0.455
0.628
0.473
0.554
0.477
0.353
0.522
0.416
0.495
0.346
0.622
0.436
0.467
0.348
0.355
0.657
0.423
0.320
0.687
0.407
0.572
0.624
0.478
0.438
0.624
0.381
0.414
0.688
0.611
0.514
0.398
0.680
0.529
0.405
0.603
0.425
0.570
0.606
0.483
0.416
0.516
0.405
0.482
0.430
0.598
0.420
0.506
0.475
0.431
0.463
0.591
0.504
0.469
0.335
0.611
0.485
0.679
0.443
0.619
0.552
0.647
0.410
0.500
0.475
0.470
0.589
0.477
0.371
0.791
0.511
0.554
0.621
0.460
0.332
0.800
0.462
0.519
0.385
0.568
0.410
0.537
0.642
0.569
0.418
0.570
0.635
0.493
0.393
0.731
0.431
0.285
0.654
0.427
0.539
0.399
0.593
0.667
0.345
0.710
0.553
0.338
0.712
0.399
0.360
0.677
0.521
0.333
0.591
0.516
0.418
0.636
0.457
0.689
0.319
0.555
0.507
0.393
0.505
0.635
0.459
0.593
0.465
0.591
0.646
0.372
0.445
0.731
0.378
0.724
0.430
0.422
0.605
0.730
0.462
0.533
0.637
0.474
0.504
0.600
0.357
0.422
0.697
0.578
0.643
0.464
0.845
0.417
0.576
0.512
0.448
0.723
0.404
0.544
0.631
0.441
0.658
0.559
0.750
0.491
0.449
0.407
0.694
0.461
0.529
0.422
0.352
0.456
0.479
0.381
0.322
0.729
0.483
0.495
0.492
0.768
0.445
0.449
0.668
0.447
0.321
0.293
0.511
0.861
0.523
0.488
0.286
0.588
0.304
0.438
0.635
0.539
0.385
0.690
0.450
0.622
0.482
0.723
0.420
0.550
0.533
0.645
0.366
0.463
0.538
0.476
0.420
0.449
0.593
0.581
0.462
0.478
0.590
0.360
0.791
0.517
0.462
0.550
0.482
0.522
0.571
0.513
0.388
0.482
0.524
0.515
0.471
0.443
0.549
0.404
0.714
0.407
0.488
0.609
0.498
0.495
0.419
0.442
0.694
0.437
0.512
0.401
0.542
0.642
0.432
0.456
0.568
0.664
0.417
0.425
0.670
0.443
0.556
0.482
0.744
0.495
0.412
0.523
0.502
0.503
0.491
0.436
0.418
0.499
0.339
0.566
0.640
0.488
0.647
0.540
0.604
0.491
0.426
0.568
0.696
0.308
0.449
0.538
0.453
0.686
0.687
0.654
0.510
0.499
0.532
0.550
0.336
0.465
0.585
0.409
0.510
0.469
0.513
0.471
0.617
0.396
0.734
0.474
0.551
0.545
0.651
0.439
0.487
0.496
0.649
0.442
0.526
0.484
0.426
0.543
0.419
0.592
0.575
0.461
0.591
0.603
0.646
0.492
0.530
0.555
0.383
0.595
0.515
0.581
0.374
0.393
0.556
0.640
0.497
0.506
0.481
0.362
0.650
0.501
0.798
0.675
0.475
0.418
0.306
0.674
0.482
0.568
0.579
0.391
0.457
0.555
0.375
0.417
0.551
0.353
0.532
0.466
0.322
0.545
0.453
0.596
0.451
0.569
0.493
0.446
0.656
0.546
0.605
0.634
0.328
0.502
0.474
0.443
0.406
0.262
0.453
0.436
0.434
0.585
0.560
0.547
0.551
0.424
0.701
0.503
0.460
0.463
0.678
0.434
0.380
0.743
0.364
0.538
0.575
0.486
0.504
0.358
0.675
0.496
0.491
0.522
0.687
0.421
0.641
0.606
0.348
0.449
0.649
0.494
0.632
0.410
0.494
0.535
0.283
0.591
0.529
0.550
0.686
0.555
0.568
0.551
0.629
0.415
0.804
0.467
0.560
0.680
0.485
0.519
0.537
0.475
0.516
0.324
0.677
0.560
0.342
0.717
0.577
0.616
0.522
0.402
0.525
0.483
0.434
0.649
0.486
0.613
0.500
0.357
0.692
0.424
0.583
0.473
0.509
0.379
0.574
0.380
0.764
0.437
0.444
0.399
0.653
0.489
0.495
0.554
0.376
0.463
0.484
0.400
0.495
0.448
0.453
0.624
0.507
0.493
0.536
0.426
0.656
0.435
0.585
0.495
0.556
0.548
0.565
0.567
0.363
0.691
0.349
0.406
0.601
0.517
0.553
0.571
0.439
0.643
0.482
0.670
0.452
0.684
0.490
0.606
0.668
0.441
0.552
0.480
0.408
0.489
0.400
0.487
0.734
0.545
0.467
0.563
0.470
0.345
0.446
0.709
0.360
0.401
0.496
0.399
0.493
0.619
0.373
0.523
0.299
0.548
0.536
0.414
0.438
0.609
0.704
0.489
0.567
0.445
0.566
0.642
0.389
0.595
0.666
0.563
0.708
0.519
0.524
0.578
0.527
0.625
0.599
0.443
0.698
0.402
0.506
0.654
0.479
0.585
0.514
0.578
0.347
0.447
0.485
0.507
0.426
0.634
0.497
0.416
0.577
0.356
0.454
0.750
0.419
0.602
0.529
0.543
0.463
0.450
0.424
0.412
0.478
0.632
0.583
0.443
0.470
0.535
0.457
0.659
0.626
0.331
0.580
0.443
0.335
0.560
0.530
0.574
0.496
0.651
0.514
0.817
0.519
0.448
0.711
0.633
0.472
0.462
0.400
0.741
0.547
0.424
0.492
0.690
0.439
0.535
0.416
0.404
0.504
0.462
0.524
0.586
0.223
0.826
0.376
0.541
0.600
0.826
0.465
0.781
0.404
0.688
0.393
0.723
0.506
0.666
0.387
0.540
0.341
0.746
0.591
0.464
0.685
0.370
0.630
0.460
0.772
0.336
0.516
0.588
0.411
0.354
0.538
0.554
0.587
0.487
0.457
0.473
0.286
0.453
0.555
0.449
0.735
0.335
0.417
0.498
0.617
0.510
0.503
0.406
0.525
0.583
0.552
0.414
0.516
0.560
0.580
0.534
0.509
0.365
0.640
0.567
0.447
0.485
0.337
0.482
0.537
0.675
0.407
0.660
0.454
0.508
0.662
0.345
0.317
0.455
0.638
0.347
0.572
0.427
0.343
0.600
0.405
0.571
0.504
0.580
0.364
0.727
0.443
0.606
0.483
0.437
0.534
0.489
0.517
0.586
0.667
0.701
0.325
0.717
0.396
0.618
0.648
0.492
0.714
0.481
0.588
0.371
0.663
0.609
0.357
0.392
0.466
0.533
0.523
0.538
0.482
0.698
0.596
0.747
0.434
0.471
0.378
0.421
0.520
0.637
0.594
0.735
0.529
0.639
0.604
0.544
0.539
0.581
0.449
0.399
0.781
0.381
0.534
0.518
0.516
0.501
0.664
0.480
0.744
0.481
0.463
0.630
0.641
0.386
0.622
0.488
0.609
0.574
0.422
0.551
0.541
0.454
0.339
0.567
0.509
0.375
0.574
0.451
0.639
0.407
0.329
0.700
0.664
0.565
0.616
0.451
0.509
0.502
0.461
0.530
0.480
0.636
0.428
0.374
0.252
0.791
0.415
0.354
0.561
0.469
0.502
0.558
0.428
0.641
0.413
0.606
0.487
0.587
0.822
0.369
0.457
0.654
0.469
0.548
0.642
0.528
0.603
0.313
0.489
0.569
0.604
0.358
0.834
0.551
0.638
0.462
0.351
0.637
0.588
0.527
0.467
0.386
0.737
0.449
0.584
0.490
0.520
0.608
0.391
0.718
0.480
0.386
0.636
0.445
0.424
0.655
0.396
0.548
0.389
0.611
0.548
0.548
0.474
0.573
0.349
0.417
0.689
0.662
0.687
0.478
0.569
0.481
0.683
0.433
0.571
0.514
0.519
0.547
0.431
0.464
0.231
0.545
0.524
0.509
0.598
0.497
0.468
0.509
0.688
0.466
0.645
0.512
0.371
0.463
0.618
0.449
0.378
0.678
0.359
0.721
0.494
0.364
0.699
0.445
0.826
0.410
0.682
0.485
0.602
0.490
0.638
0.294
0.719
0.663
0.722
0.409
0.681
0.397
0.501
0.548
0.694
0.601
0.374
0.603
0.459
0.710
0.535
0.381
0.667
0.787
0.622
0.572
0.536
0.422
0.543
0.689
0.412
0.711
0.704
0.437
0.481
0.457
0.510
0.512
0.718
0.578
0.359
0.575
0.381
0.392
0.416
0.402
0.400
0.738
0.477
0.440
0.544
0.484
0.478
0.377
0.507
0.503
0.243
0.427
0.668
0.418
0.405
0.486
0.367
0.400
0.510
0.484
0.425
0.472
0.597
0.476
0.497
0.736
0.374
0.577
0.456
0.699
0.505
0.794
0.364
0.705
0.527
0.698
0.726
0.551
0.600
0.402
0.504
0.476
0.501
0.334
0.792
0.407
0.576
0.394
0.504
0.366
0.586
0.533
0.586
0.381
0.617
0.563
0.387
0.684
0.531
0.508
0.465
0.507
0.454
0.603
0.460
0.663
0.533
0.550
0.439
0.644
0.562
0.585
0.497
0.339
0.629
0.549
0.536
0.313
0.610
0.498
0.571
0.605
0.684
0.472
0.669
0.320
0.621
0.508
0.561
0.824
0.324
0.413
0.721
0.555
0.378
0.339
0.651
0.455
0.419
0.581
0.520
0.571
0.370
0.450
0.699
0.382
0.649
0.340
0.575
0.376
0.613
0.505
0.735
0.433
0.672
0.521
0.746
0.609
0.687
0.626
0.700
0.416
0.509
0.490
0.546
0.441
0.470
0.499
0.697
0.453
0.420
0.667
0.541
0.371
0.473
0.511
0.418
0.692
0.508
0.673
0.586
0.542
0.537
0.433
0.712
0.613
0.531
0.646
0.515
0.557
0.676
0.360
0.588
0.421
0.420
0.284
0.511
0.409
0.512
0.527
0.502
0.586
0.694
0.539
0.553
0.364
0.821
0.603
0.619
0.417
0.709
0.588
0.536
0.766
0.594
0.512
0.466
0.524
0.490
0.456
0.570
0.458
0.517
0.632
0.579
0.499
0.460
0.640
0.511
0.478
0.621
0.335
0.772
0.547
0.762
0.472
0.546
0.412
0.497
0.280
0.763
0.397
0.541
0.433
0.493
0.519
0.472
0.565
0.703
0.507
0.440
0.390
0.708
0.515
0.502
0.547
0.819
0.454
0.735
0.452
0.678
0.328
0.820
0.343
0.719
0.452
0.820
0.443
0.493
0.407
0.546
0.746
0.406
0.365
0.565
0.240
0.365
0.491
0.267
0.698
0.490
0.497
0.443
0.535
0.536
0.613
0.545
0.267
0.408
0.509
0.543
0.338
0.667
0.615
0.475
0.644
0.440
0.532
0.612
0.679
0.397
0.763
0.416
0.445
0.310
0.744
0.384
0.432
0.537
0.652
0.591
0.536
0.346
0.655
0.503
0.415
0.322
0.510
0.662
0.497
0.343
0.796
0.719
0.267
0.405
0.504
0.579
0.198
0.415
0.465
0.381
0.716
0.442
0.466
0.577
0.105
0.835
0.654
0.215
0.539
0.445
0.716
0.588
0.329
0.678
0.518
0.414
0.288
0.710
0.625
0.442
0.493
0.409
0.465
0.388
0.600
0.504
0.308
0.602
0.388
0.713
0.417
0.776
0.644
0.594
0.445
0.498
0.617
0.567
0.781
0.531
0.694
0.484
0.311
0.529
0.648
0.216
0.425
0.442
0.738
0.510
0.574
0.460
0.595
0.501
0.387
0.352
0.448
0.526
0.596
0.362
0.469
0.630
0.465
0.549
0.724
0.338
0.465
0.301
0.752
0.415
0.564
0.485
0.408
0.467
0.559
0.488
0.672
0.496
0.443
0.688
0.656
0.593
0.402
0.553
0.361
0.500
0.348
0.689
0.475
0.447
0.488
0.446
0.389
0.429
0.651
0.525
0.471
0.369
0.560
0.548
0.676
0.589
0.481
0.455
0.466
0.552
0.402
0.461
0.362
0.646
0.578
0.490
0.445
0.574
0.416
0.312
0.358
0.466
0.682
0.464
0.446
0.496
0.657
0.671
0.490
0.464
0.666
0.559
0.400
0.771
0.466
0.555
0.633
0.527
0.602
0.450
0.305
0.320
0.360
0.579
0.596
0.543
0.548
0.577
0.746
0.436
0.612
0.514
0.646
0.426
0.719
0.568
0.598
0.591
0.548
0.410
0.441
0.419
0.515
0.382
0.592
0.379
0.393
0.605
0.739
0.639
0.526
0.527
0.474
0.387
0.570
0.611
0.472
0.464
0.351
0.461
0.504
0.415
0.414
0.463
0.433
0.602
0.402
0.627
0.430
0.587
0.399
0.638
0.428
0.687
0.684
0.435
0.385
0.604
0.597
0.633
0.539
0.420
0.763
0.533
0.496
0.518
0.409
0.472
0.489
0.604
0.456
0.453
0.624
0.352
0.533
0.412
0.442
0.815
0.422
0.539
0.552
0.662
0.494
0.398
0.535
0.544
0.597
0.424
0.597
0.535
0.576
0.591
0.469
0.639
0.312
0.636
0.391
0.296
0.562
0.643
0.471
0.673
0.409
0.587
0.480
0.399
0.239
0.695
0.669
0.446
0.585
0.657
0.374
0.578
0.439
0.634
0.429
0.634
0.305
0.754
0.361
0.804
0.463
0.563
0.602
0.789
0.737
0.637
0.263
0.812
0.415
0.619
0.727
0.727
0.409
0.402
0.576
0.612
0.592
0.470
0.483
0.335
0.336
0.660
0.515
0.655
0.622
0.387
0.619
0.467
0.442
0.547
0.476
0.720
0.505
0.465
0.487
0.606
0.336
0.726
0.551
0.572
0.553
0.673
0.456
0.754
0.482
0.683
0.720
0.612
0.771
0.746
0.542
0.572
0.658
0.635
0.705
0.475
0.501
0.557
0.426
0.610
0.628
0.389
0.611
0.391
0.578
0.436
0.615
0.644
0.586
0.335
0.485
0.326
0.504
0.472
0.552
0.520
0.580
0.561
0.552
0.659
0.471
0.522
0.752
0.469
0.560
0.590
0.436
0.561
0.523
0.617
0.426
0.410
0.482
0.399
0.689
0.449
0.278
0.501
0.421
0.447
0.497
0.556
0.460
0.577
0.291
0.536
0.549
0.540
0.399
0.453
0.525
0.538
0.643
0.592
0.610
0.500
0.244
0.567
0.652
0.578
0.489
0.647
0.491
0.665
0.355
0.666
0.585
0.360
0.289
0.794
0.651
0.701
0.644
0.503
0.657
0.733
0.566
0.604
0.274
0.521
0.648
0.610
0.590
0.478
0.429
0.681
0.492
0.372
0.490
0.591
0.726
0.459
0.642
0.604
0.604
0.624
0.706
0.720
0.478
0.622
0.738
0.604
0.408
0.583
0.468
0.504
0.635
0.651
0.525
0.605
0.588
0.559
0.467
0.716
0.644
0.626
0.618
0.585
0.662
0.430
0.377
0.439
0.555
0.552
0.573
0.678
0.669
0.322
0.585
0.636
0.266
0.672
0.588
0.472
0.775
0.784
0.655
0.540
0.387
0.546
0.537
0.499
0.476
0.461
0.383
0.459
0.249
0.671
0.625
0.826
0.585
0.619
0.402
0.651
0.616
0.459
0.406
0.438
0.560
0.595
0.473
0.650
0.642
0.589
0.474
0.242
0.302
0.594
0.489
0.595
0.312
0.599
0.589
0.532
0.646
0.680
0.556
0.545
0.640
0.632
0.482
0.583
0.716
0.580
0.587
0.514
0.206
0.542
0.461
0.454
0.494
0.270
0.420
0.727
0.632
0.635
0.372
0.269
0.349
0.567
0.681
0.383
0.564
0.403
0.441
0.652
0.548
0.761
0.568
0.449
0.367
0.667
0.391
0.457
0.393
0.626
0.517
0.463
0.582
0.619
0.697
0.629
0.617
0.486
0.523
0.607
0.635
0.679
0.696
0.794
0.621
0.557
0.741
0.659
0.628
0.392
0.454
0.446
0.295
0.424
0.517
0.372
0.795
0.504
0.728
0.735
0.716
0.567
0.685
0.604
0.647
0.533
0.680
0.749
0.468
0.522
0.692
0.686
0.734
0.524
0.681
0.633
0.713
0.580
0.688
0.743
0.699
0.544
0.711
0.572
0.605
0.440
0.547
0.458
0.549
0.549
0.409
0.428
0.512
0.431
0.511
0.546
0.598
0.396
0.429
0.519
0.500
0.536
0.453
0.439
0.702
0.496
0.525
0.693
0.376
0.229
0.440
0.726
0.740
0.470
0.372
0.526
0.577
0.585
0.639
0.633
0.657
0.322
0.612
0.435
0.626
0.744
0.564
0.731
0.644
0.427
0.557
0.718
0.690
0.335
0.513
0.562
0.486
0.468
0.664
0.529
0.747
0.285
0.619
0.735
0.496
0.397
0.579
0.670
0.702
0.333
0.518
0.380
0.508
0.570
0.555
0.762
0.505
0.304
0.357
0.434
0.533
0.538
0.609
0.456
0.502
0.480
0.615
0.510
0.809
0.681
0.509
0.553
0.588
0.652
0.536
0.608
0.581
0.283
0.482
0.682
0.664
0.619
0.630
0.336
0.412
0.301
0.337
0.293
0.767
0.361
0.523
0.491
0.512
0.688
0.499
0.352
0.619
0.748
0.623
0.365
0.382
0.223
0.339
0.518
0.575
0.376
0.688
0.556
0.610
0.322
0.364
0.601
0.413
0.539
0.318
0.693
0.381
0.367
0.687
0.590
0.557
0.777
0.517
0.706
0.489
0.821
0.607
0.642
0.709
0.662
0.548
0.704
0.350
0.489
0.474
0.387
0.485
0.653
0.754
0.622
0.257
0.657
0.641
0.414
0.460
0.639
0.789
0.475
0.393
0.413
0.559
0.629
0.690
0.439
0.371
0.708
0.641
0.493
0.363
0.697
0.590
0.307
0.504
0.725
0.532
0.530
0.290
0.394
0.517
0.421
0.486
0.571
0.540
0.577
0.359
0.587
0.549
0.408
0.567
0.708
0.496
0.488
0.455
0.652
0.548
0.623
0.847
0.631
0.343
0.300
0.286
0.319
0.521
0.352
0.523
0.679
0.415
0.669
0.484
0.672
0.328
0.387
0.334
0.695
0.729
0.673
0.711
0.253
0.414
0.417
0.718
0.557
0.401
0.369
0.345
0.587
0.525
0.576
0.616
0.609
0.646
0.593
0.854
0.367
0.436
0.486
0.340
0.540
0.604
0.410
0.579
0.273
0.377
0.638
0.691
0.816
0.581
0.692
0.427
0.406
0.328
0.408
0.538
0.327
0.533
0.542
0.512
0.294
0.690
0.587
0.791
0.408
0.323
0.490
0.546
0.678
0.393
0.640
0.432
0.268
0.679
0.443
0.681
0.711
0.752
0.386
0.651
0.542
0.629
0.546
0.727
0.214
0.516
0.600
0.686
0.724
0.401
0.270
0.335
0.421
0.643
0.497
0.406
0.417
0.447
0.300
0.564
0.306
0.481
0.632
0.743
0.467
0.413
0.610
0.480
0.578
0.657
0.393
0.453
0.328
0.750
0.653
0.300
0.400
0.499
0.329
0.580
0.677
0.756
0.582
0.476
0.653
0.276
0.495
0.473
0.653
0.639
0.676
0.628
0.411
0.439
0.461
0.385
0.418
0.678
0.520
0.419
0.625
0.744
0.574
0.772
0.619
0.722
0.681
0.677
0.462
0.674
0.721
0.443
0.412
0.515
0.289
0.436
0.591
0.783
0.505
0.730
0.381
0.352
0.383
0.702
0.452
0.539
0.411
0.696
0.673
0.493
0.354
0.549
0.512
0.485
0.613
0.448
0.371
0.465
0.573
0.397
0.301
0.555
0.605
0.493
0.585
0.324
0.480
0.552
0.640
0.623
0.285
0.545
0.459
0.301
0.343
0.596
0.506
0.653
0.278
0.218
0.309
0.496
0.618
0.431
0.731
0.725
0.735
0.590
0.538
0.465
0.449
0.552
0.639
0.510
0.331
0.557
0.762
0.714
0.632
0.325
0.421
0.437
0.525
0.765
0.580
0.732
0.778
0.699
0.617
0.539
0.449
0.608
0.399
0.573
0.469
0.678
0.385
0.599
0.403
0.334
0.498
0.499
0.413
0.644
0.522
0.743
0.440
0.550
0.475
0.515
0.415
0.622
0.603
0.579
0.502
0.318
0.482
0.617
0.589
0.579
0.622
0.512
0.489
0.738
0.494
0.456
0.630
0.826
0.643
0.659
0.317
0.536
0.569
0.431
0.461
0.628
0.541
0.475
0.278
0.662
0.301
0.465
0.637
0.350
0.666
0.604
0.681
0.540
0.439
0.380
0.352
0.812
0.632
0.407
0.357
0.478
0.404
0.724
0.642
0.680
0.493
0.477
0.386
0.852
0.453
0.657
0.551
0.394
0.339
0.518
0.443
0.712
0.320
0.409
0.585
0.692
0.647
0.613
0.717
0.703
0.434
0.456
0.380
0.500
0.456
0.409
0.715
0.840
0.652
0.619
0.695
0.593
0.688
0.603
0.632
0.644
0.664
0.642
0.457
0.467
0.565
0.609
0.453
0.410
0.562
0.415
0.480
0.355
0.514
0.358
0.488
0.532
0.770
0.667
0.712
0.721
0.606
0.600
0.707
0.738
0.584
0.745
0.330
0.330
0.548
0.381
0.608
0.492
0.636
0.626
0.495
0.532
0.592
0.670
0.558
0.390
0.493
0.714
0.411
0.457
0.610
0.466
0.309
0.543
0.558
0.568
0.598
0.406
0.358
0.642
0.547
0.773
0.570
0.513
0.384
0.505
0.662
0.766
0.628
0.685
0.671
0.705
0.384
0.447
0.421
0.430
0.394
0.589
0.323
0.346
0.418
0.430
0.478
0.648
0.536
0.419
0.529
0.624
0.623
0.395
0.364
0.518
0.560
0.395
0.466
0.651
0.679
0.698
0.592
0.460
0.557
0.714
0.388
0.535
0.491
0.595
0.799
0.383
0.299
0.685
0.627
0.485
0.552
0.773
0.410
0.254
0.379
0.445
0.881
0.614
0.597
0.665
0.699
0.530
0.581
0.418
0.507
0.560
0.547
0.480
0.711
0.693
0.630
0.605
0.309
0.612
0.522
0.600
0.659
0.726
0.567
0.259
0.600
0.436
0.555
0.424
0.346
0.453
0.683
0.836
0.424
0.557
0.419
0.652
0.640
0.350
0.330
0.476
0.449
0.619
0.724
0.692
0.362
0.663
0.342
0.420
0.523
0.654
0.277
0.581
0.594
0.435
0.487
0.431
0.688
0.645
0.510
0.517
0.384
0.597
0.327
0.507
0.251
0.431
0.701
0.740
0.731
0.694
0.617
0.561
0.439
0.493
0.562
0.537
0.396
0.425
0.813
0.683
0.408
0.656
0.643
0.620
0.507
0.471
0.561
0.627
0.634
0.702
0.438
0.418
0.529
0.363
0.633
0.561
0.753
0.403
0.337
0.400
0.503
0.579
0.264
0.579
0.664
0.342
0.491
0.702
0.533
0.700
0.432
0.697
0.390
0.596
0.515
0.721
0.537
0.570
0.567
0.595
0.382
0.580
0.693
0.713
0.580
0.644
0.597
0.700
0.395
0.474
0.739
0.588
0.403
0.414
0.233
0.478
0.307
0.531
0.504
0.457
0.583
0.542
0.330
0.468
0.491
0.538
0.422
0.611
0.660
0.584
0.674
0.758
0.441
0.389
0.389
0.420
0.435
0.423
0.593
0.616
0.459
0.581
0.498
0.641
0.590
0.783
0.389
0.606
0.556
0.561
0.843
0.714
0.433
0.422
0.587
0.594
0.614
0.643
0.568
0.379
0.381
0.517
0.627
0.402
0.698
0.563
0.784
0.423
0.349
0.458
0.620
0.378
0.526
0.488
0.396
0.305
0.448
0.625
0.632
0.633
0.546
0.632
0.335
0.382
0.433
0.462
0.488
0.336
0.489
0.429
0.459
0.712
0.589
0.333
0.546
0.640
0.496
0.403
0.463
0.291
0.582
0.577
0.523
0.428
0.588
0.444
0.525
0.632
0.611
0.459
0.332
0.381
0.549
0.527
0.499
0.469
0.586
0.744
0.747
0.709
0.663
0.503
0.521
0.697
0.496
0.554
0.676
0.749
0.463
0.556
0.546
0.792
0.356
0.511
0.362
0.387
0.803
0.558
0.633
0.552
0.235
0.360
0.479
0.809
0.405
0.577
0.623
0.722
0.359
0.471
0.609
0.715
0.351
0.540
0.395
0.448
0.784
0.552
0.543
0.701
0.290
0.540
0.691
0.585
0.558
0.480
0.710
0.610
0.511
0.509
0.581
0.632
0.493
0.587
0.478
0.606
0.292
0.418
0.531
0.725
0.334
0.542
0.497
0.618
0.647
0.564
0.704
0.302
0.688
0.624
0.651
0.339
0.419
0.386
0.439
0.273
0.398
0.663
0.530
0.744
0.806
0.606
0.429
0.398
0.782
0.564
0.420
0.419
0.490
0.461
0.692
0.768
0.516
0.642
0.446
0.451
0.677
0.629
0.566
0.461
0.479
0.577
0.387
0.496
0.601
0.605
0.519
0.507
0.562
0.647
0.565
0.475
0.571
0.387
0.764
0.365
0.371
0.405
0.321
0.681
0.486
0.418
0.632
0.846
0.287
0.474
0.584
0.794
0.566
0.686
0.355
0.315
0.766
0.266
0.589
0.366
0.564
0.595
0.614
0.562
0.442
0.598
0.743
0.694
0.395
0.265
0.372
0.557
0.580
0.430
0.635
0.679
0.665
0.613
0.410
0.478
0.428
0.543
0.528
0.829
0.654
0.394
0.380
0.706
0.404
0.765
0.528
0.529
0.363
0.649
0.719
0.625
0.607
0.448
0.475
0.570
0.641
0.785
0.622
0.616
0.644
0.595
0.292
0.531
0.451
0.570
0.676
0.579
0.647
0.411
0.513
0.587
0.421
0.650
0.703
0.420
0.648
0.483
0.511
0.470
0.452
0.764
0.647
0.595
0.547
0.564
0.532
0.412
0.681
0.730
0.490
0.576
0.754
0.721
0.503
0.468
0.520
0.676
0.436
0.537
0.509
0.724
0.690
0.741
0.396
0.841
0.553
0.342
0.513
0.797
0.612
0.562
0.680
0.376
0.725
0.665
0.582
0.285
0.616
0.381
0.514
0.460
0.538
0.406
0.569
0.689
0.745
0.594
0.737
0.466
0.458
0.315
0.744
0.634
0.560
0.373
0.378
0.353
0.298
0.254
0.492
0.228
0.508
0.462
0.533
0.388
0.641
0.633
0.506
0.416
0.269
0.471
0.424
0.549
0.790
0.521
0.607
0.591
0.570
0.581
0.378
0.434
0.296
0.403
0.692
0.300
0.527
0.636
0.803
0.576
0.609
0.466
0.516
0.795
0.521
0.555
0.588
0.342
0.337
0.311
0.355
0.353
0.187
0.601
0.747
0.652
0.390
0.271
0.362
0.499
0.498
0.481
0.746
0.305
0.353
0.460
0.443
0.474
0.957
0.535
0.456
0.370
0.453
0.524
0.453
0.433
0.712
0.656
0.627
0.364
0.549
0.543
0.578
0.426
0.407
0.323
0.465
0.300
0.544
0.489
0.289
0.422
0.717
0.505
0.317
0.386
0.425
0.290
0.710
0.594
0.779
0.440
0.532
0.446
0.426
0.579
0.681
0.661
0.613
0.427
0.549
0.440
0.777
0.656
0.656
0.374
0.358
0.538
0.783
0.399
0.352
0.461
0.498
0.754
0.340
0.364
0.650
0.557
0.596
0.327
0.254
0.309
0.625
0.679
0.498
0.246
0.427
0.687
0.633
0.488
0.430
0.418
0.642
0.661
0.733
0.316
0.722
0.644
0.670
0.452
0.584
0.527
0.331
0.168
0.461
0.514
0.508
0.572
0.683
0.653
0.512
0.431
0.714
0.648
0.423
0.486
0.499
0.430
0.365
0.489
0.792
0.764
0.369
0.434
0.537
0.533
0.357
0.516
0.694
0.562
0.569
0.681
0.693
0.543
0.732
0.671
0.454
0.471
0.453
0.465
0.541
0.263
0.405
0.447
0.138
0.396
0.332
0.399
0.395
0.462
0.807
0.509
0.446
0.665
0.503
0.707
0.264
0.795
0.590
0.461
0.411
0.537
0.470
0.597
0.588
0.578
0.514
0.821
0.564
0.497
0.591
0.381
0.344
0.576
0.526
0.659
0.514
0.618
0.617
0.712
0.740
0.584
0.318
0.499
0.625
0.589
0.612
0.378
0.390
0.632
0.378
0.370
0.589
0.611
0.613
0.547
0.359
0.409
0.542
0.651
0.793
0.348
0.474
0.316
0.634
0.538
0.436
0.587
0.677
0.401
0.432
0.606
0.585
0.342
0.451
0.425
0.652
0.626
0.623
0.628
0.753
0.689
0.581
0.449
0.292
0.500
0.651
0.668
0.747
0.762
0.572
0.510
0.419
0.462
0.596
0.424
0.409
0.463
0.616
0.435
0.452
0.541
0.531
0.618
0.734
0.598
0.627
0.647
0.756
0.718
0.468
0.436
0.428
0.493
0.629
0.569
0.759
0.605
0.479
0.300
0.644
0.703
0.715
0.425
0.458
0.737
0.735
0.693
0.698
0.712
0.679
0.469
0.399
0.598
0.680
0.617
0.703
0.320
0.562
0.450
0.461
0.400
0.528
0.630
0.720
0.509
0.552
0.471
0.491
0.674
0.705
0.616
0.297
0.317
0.589
0.470
0.556
0.656
0.663
0.339
0.765
0.639
0.737
0.680
0.642
0.664
0.414
0.407
0.445
0.574
0.867
0.460
0.711
0.668
0.658
0.283
0.512
0.541
0.361
0.469
0.707
0.623
0.595
0.592
0.558
0.446
0.753
0.648
0.506
0.564
0.569
0.613
0.580
0.494
0.553
0.622
0.599
0.421
0.291
0.476
0.472
0.637
0.609
0.312
0.549
0.496
0.575
0.591
0.498
0.428
0.457
0.444
0.442
0.578
0.372
0.535
0.665
0.437
0.710
0.574
0.772
0.416
0.360
0.270
0.405
0.438
0.579
0.698
0.616
0.535
0.644
0.571
0.696
0.548
0.193
0.342
0.371
0.604
0.567
0.425
0.520
0.457
0.701
0.571
0.626
0.738
0.510
0.328
0.565
0.377
0.425
0.575
0.622
0.491
0.710
0.465
0.506
0.488
0.480
0.455
0.384
0.539
0.675
0.877
0.619
0.581
0.733
0.634
0.319
0.606
0.646
0.853
0.390
0.495
0.338
0.721
0.665
0.599
0.607
0.526
0.472
0.501
0.395
0.577
0.475
0.616
0.519
0.867
0.655
0.612
0.551
0.553
0.693
0.757
0.726
0.285
0.587
0.377
0.367
0.873
0.637
0.540
0.485
0.602
0.464
0.432
0.474
0.779
0.656
0.629
0.743
0.417
0.289
0.675
0.608
0.741
0.694
0.613
0.613
0.433
0.502
0.342
0.345
0.749
0.676
0.535
0.487
0.329
0.721
0.662
0.657
0.450
0.229
0.477
0.525
0.576
0.672
0.307
0.411
0.416
0.476
0.683
0.546
0.728
0.517
0.428
0.409
0.346
0.451
0.441
0.628
0.838
0.529
0.263
0.442
0.511
0.507
0.482
0.737
0.748
0.416
0.260
0.633
0.456
0.462
0.527
0.563
0.623
0.496
0.414
0.416
0.476
0.618
0.552
0.690
0.610
0.795
0.240
0.737
0.565
0.585
0.441
0.481
0.389
0.600
0.569
0.746
0.466
0.624
0.222
0.656
0.675
0.777
0.548
0.387
0.344
0.526
0.546
0.523
0.596
0.608
0.508
0.512
0.350
0.796
0.600
0.547
0.362
0.310
0.642
0.433
0.514
0.710
0.692
0.364
0.468
0.346
0.455
0.334
0.350
0.471
0.694
0.384
0.639
0.580
0.425
0.621
0.578
0.448
0.339
0.299
0.419
0.331
0.381
0.524
0.621
0.775
0.735
0.338
0.474
0.361
0.496
0.543
0.485
0.756
0.380
0.492
0.557
0.614
0.535
0.740
0.574
0.823
0.332
0.300
0.460
0.482
0.419
0.482
0.397
0.585
0.512
0.540
0.601
0.624
0.500
0.572
0.436
0.692
0.651
0.776
0.470
0.380
0.704
0.661
0.344
0.529
0.337
0.329
0.540
0.788
0.682
0.295
0.430
0.439
0.318
0.505
0.603
0.493
0.247
0.354
0.617
0.613
0.630
0.305
0.612
0.596
0.353
0.337
0.652
0.372
0.581
0.728
0.700
0.398
0.294
0.307
0.694
0.657
0.797
0.751
0.438
0.402
0.593
0.504
0.365
0.376
0.368
0.289
0.521
0.470
0.566
0.481
0.660
0.524
0.435
0.351
0.521
0.468
0.760
0.497
0.753
0.428
0.503
0.535
0.637
0.602
0.529
0.327
0.498
0.396
0.464
0.529
0.533
0.420
0.343
0.389
0.616
0.537
0.584
0.526
0.739
0.668
0.520
0.497
0.500
0.379
0.378
0.279
0.667
0.670
0.611
0.641
0.526
0.390
0.515
0.601
0.715
0.491
0.677
0.285
0.595
0.579
0.521
0.407
0.707
0.664
0.333
0.515
0.470
0.596
0.444
0.423
0.501
0.693
0.625
0.440
0.349
0.246
0.492
0.377
0.493
0.409
0.356
0.525
0.691
0.587
0.366
0.511
0.339
0.685
0.359
0.572
0.673
0.621
0.590
0.691
0.466
0.677
0.619
0.440
0.423
0.393
0.531
0.615
0.399
0.484
0.477
0.539
0.688
0.685
0.628
0.820
0.665
0.691
0.676
0.611
0.747
0.620
0.458
0.436
0.363
0.596
0.392
0.635
0.571
0.583
0.516
0.587
0.794
0.736
0.637
0.369
0.268
0.662
0.640
0.572
0.504
0.587
0.624
0.424
0.261
0.703
0.561
0.752
0.339
0.334
0.485
0.598
0.710
0.750
0.587
0.368
0.380
0.461
0.619
0.639
0.409
0.279
0.407
0.507
0.396
0.741
0.380
0.505
0.382
0.172
0.384
0.587
0.417
0.303
0.455
0.390
0.603
0.629
0.680
0.818
0.629
0.467
0.747
0.674
0.617
0.363
0.339
0.553
0.740
0.364
0.522
0.436
0.440
0.278
0.516
0.382
0.518
0.570
0.459
0.464
0.507
0.575
0.455
0.394
0.408
0.588
0.640
0.325
0.463
0.723
0.675
0.627
0.449
0.709
0.685
0.509
0.656
0.561
0.519
0.564
0.587
0.334
0.764
0.610
0.466
0.752
0.591
0.693
0.590
0.724
0.637
0.368
0.518
0.350
0.527
0.585
0.374
0.396
0.628
0.568
0.594
0.213
0.624
0.536
0.430
0.784
0.644
0.381
0.403
0.361
0.309
0.498
0.612
0.400
0.802
0.635
0.511
0.727
0.862
0.593
0.319
0.482
0.647
0.673
0.552
0.398
0.443
0.585
0.540
0.656
0.533
0.408
0.695
0.474
0.406
0.505
0.611
0.763
0.439
0.362
0.478
0.545
0.643
0.651
0.637
0.605
0.532
0.562
0.501
0.436
0.497
0.675
0.472
0.491
0.215
0.691
0.401
0.638
0.638
0.784
0.568
0.453
0.503
0.565
0.503
0.729
0.582
0.378
0.283
0.471
0.413
0.464
0.297
0.471
0.684
0.401
0.474
0.792
0.276
0.742
0.489
0.514
0.518
0.555
0.304
0.569
0.339
0.375
0.671
0.695
0.708
0.733
0.635
0.320
0.364
0.475
0.359
0.394
0.595
0.618
0.488
0.419
0.703
0.579
0.702
0.452
0.694
0.723
0.629
0.408
0.332
0.811
0.652
0.620
0.709
0.556
0.528
0.514
0.442
0.567
0.750
0.425
0.738
0.408
0.472
0.552
0.516
0.731
0.677
0.414
0.417
0.444
0.693
0.557
0.519
0.569
0.725
0.504
0.424
0.481
0.331
0.286
0.366
0.519
0.332
0.533
0.422
0.418
0.348
0.372
0.367
0.335
0.497
0.529
0.395
0.509
0.524
0.550
0.619
0.616
0.339
0.456
0.550
0.414
0.583
0.509
0.606
0.499
0.523
0.787
0.694
0.412
0.436
0.571
0.620
0.704
0.756
0.614
0.428
0.564
0.426
0.508
0.485
0.575
0.511
0.683
0.684
0.359
0.230
0.460
0.396
0.368
0.409
0.619
0.800
0.460
0.337
0.325
0.478
0.543
0.519
0.646
0.703
0.483
0.633
0.682
0.530
0.340
0.316
0.567
0.541
0.630
0.588
0.571
0.564
0.670
0.555
0.303
0.443
0.379
0.397
0.486
0.312
0.350
0.600
0.684
0.626
0.383
0.456
0.791
0.482
0.696
0.714
0.586
0.653
0.711
0.619
0.610
0.651
0.695
0.458
0.377
0.383
0.461
0.751
0.667
0.384
0.569
0.533
0.692
0.506
0.386
0.378
0.463
0.338
0.404
0.478
0.394
0.648
0.458
0.382
0.433
0.475
0.449
0.393
0.522
0.653
0.543
0.613
0.594
0.401
0.560
0.428
0.419
0.530
0.488
0.432
0.573
0.548
0.715
0.742
0.668
0.563
0.466
0.512
0.516
0.451
0.563
0.487
0.584
0.607
0.525
0.506
0.542
0.691
0.631
0.554
0.454
0.504
0.377
0.472
0.277
0.614
0.576
0.604
0.542
0.648
0.559
0.626
0.207
0.552
0.549
0.633
0.570
0.432
0.583
0.817
0.483
0.717
0.676
0.656
0.583
0.420
0.403
0.522
0.289
0.411
0.544
0.441
0.370
0.571
0.462
0.543
0.447
0.406
0.819
0.589
0.359
0.395
0.616
0.697
0.654
0.339
0.414
0.495
0.502
0.665
0.618
0.731
0.741
0.761
0.293
0.502
0.471
0.395
0.429
0.532
0.567
0.351
0.331
0.526
0.468
0.663
0.696
0.700
0.504
0.510
0.488
0.611
0.478
0.479
0.635
0.470
0.382
0.678
0.546
0.400
0.518
0.648
0.445
0.317
0.444
0.532
0.489
0.438
0.440
0.329
0.475
0.401
0.697
0.543
0.296
0.359
0.500
0.569
0.527
0.492
0.606
0.575
0.331
0.479
0.515
0.509
0.561
0.493
0.410
0.451
0.435
0.562
0.552
0.491
0.698
0.720
0.661
0.772
0.761
0.599
0.394
0.528
0.506
0.513
0.377
0.389
0.466
0.448
0.753
0.854
0.627
0.623
0.730
0.751
0.788
0.457
0.526
0.387
0.443
0.469
0.499
0.402
0.432
0.487
0.437
0.484
0.572
0.639
0.583
0.388
0.495
0.351
0.591
0.703
0.748
0.601
0.315
0.510
0.370
0.373
0.493
0.606
0.311
0.349
0.592
0.467
0.290
0.286
0.440
0.481
0.488
0.586
0.504
0.507
0.562
0.773
0.677
0.475
0.646
0.612
0.510
0.498
0.694
0.757
0.526
0.611
0.731
0.531
0.220
0.664
0.689
0.621
0.609
0.692
0.428
0.306
0.440
0.455
0.541
0.395
0.452
0.491
0.492
0.563
0.551
0.481
0.448
0.566
0.345
0.752
0.590
0.516
0.633
0.558
0.530
0.685
0.496
0.515
0.550
0.693
0.539
0.541
0.483
0.721
0.512
0.483
0.304
0.519
0.718
0.689
0.685
0.670
0.638
0.479
0.697
0.413
0.549
0.662
0.637
0.711
0.819
0.690
0.734
0.604
0.719
0.600
0.607
0.513
0.380
0.258
0.678
0.679
0.781
0.693
0.730
0.633
0.329
0.415
0.632
0.341
0.793
0.709
0.704
0.659
0.624
0.416
0.567
0.440
0.335
0.438
0.604
0.284
0.470
0.282
0.529
0.468
0.482
0.545
0.671
0.571
0.166
0.470
0.545
0.491
0.764
0.667
0.541
0.741
0.327
0.621
0.572
0.420
0.307
0.607
0.458
0.522
0.323
0.512
0.543
0.676
0.633
0.630
0.652
0.513
0.276
0.578
0.423
0.308
0.694
0.740
0.545
0.436
0.363
0.385
0.474
0.658
0.666
0.233
0.567
0.473
0.428
0.736
0.313
0.402
0.550
0.518
0.525
0.418
0.517
0.635
0.645
0.702
0.488
0.484
0.594
0.580
0.555
0.395
0.496
0.673
0.664
0.474
0.603
0.510
0.469
0.674
0.469
0.407
0.446
0.680
0.435
0.415
0.514
0.581
0.720
0.653
0.434
0.492
0.406
0.651
0.669
0.299
0.591
0.413
0.446
0.671
0.665
0.547
0.613
0.383
0.744
0.565
0.716
0.582
0.408
0.499
0.594
0.751
0.381
0.710
0.815
0.557
0.325
0.512
0.698
0.683
0.328
0.355
0.495
0.253
0.712
0.532
0.566
0.399
0.586
0.677
0.340
0.441
0.622
0.628
0.718
0.538
0.349
0.549
0.448
0.625
0.430
0.526
0.612
0.765
0.883
0.402
0.676
0.476
0.385
0.421
0.466
0.603
0.513
0.467
0.612
0.669
0.476
0.445
0.497
0.641
0.263
0.433
0.442
0.531
0.358
0.539
0.592
0.621
0.788
0.627
0.560
0.800
0.532
0.626
0.467
0.636
0.381
0.579
0.581
0.729
0.457
0.398
0.358
0.655
0.741
0.640
0.645
0.661
0.529
0.404
0.339
0.568
0.205
0.568
0.514
0.489
0.635
0.797
0.576
0.514
0.803
0.662
0.560
0.507
0.381
0.584
0.314
0.391
0.367
0.818
0.446
0.465
0.543
0.577
0.532
0.741
0.590
0.418
0.577
0.662
0.518
0.544
0.419
0.659
0.608
0.779
0.523
0.741
0.423
0.473
0.351
0.463
0.442
0.419
0.593
0.573
0.492
0.283
0.467
0.521
0.419
0.436
0.589
0.599
0.494
0.463
0.718
0.666
0.744
0.481
0.426
0.555
0.483
0.751
0.566
0.357
0.503
0.567
0.591
0.554
0.609
0.215
0.531
0.599
0.680
0.768
0.620
0.402
0.379
0.333
0.619
0.652
0.585
0.671
0.749
0.597
0.627
0.501
0.623
0.619
0.570
0.577
0.860
0.578
0.636
0.343
0.315
0.703
0.756
0.595
0.805
0.721
0.757
0.432
0.395
0.380
0.503
0.592
0.686
0.491
0.499
0.503
0.684
0.679
0.719
0.673
0.515
0.517
0.630
0.445
0.693
0.489
0.542
0.711
0.685
0.500
0.562
0.410
0.527
0.350
0.660
0.840
0.615
0.529
0.668
0.555
0.537
0.511
0.415
0.370
0.728
0.627
0.639
0.384
0.818
0.355
0.597
0.558
0.782
0.494
0.401
0.410
0.325
0.398
0.715
0.555
0.549
0.329
0.499
0.484
0.470
0.466
0.627
0.566
0.494
0.371
0.569
0.259
0.427
0.590
0.648
0.511
0.395
0.678
0.593
0.463
0.461
0.582
0.523
0.738
0.650
0.504
0.450
0.692
0.474
0.595
0.426
0.469
0.492
0.692
0.671
0.604
0.766
0.578
0.443
0.503
0.271
0.398
0.728
0.774
0.473
0.640
0.594
0.489
0.468
0.354
0.468
0.730
0.645
0.717
0.551
0.426
0.430
0.546
0.575
0.645
0.715
0.423
0.376
0.401
0.511
0.457
0.603
0.501
0.539
0.533
0.441
0.324
0.409
0.499
0.324
0.361
0.392
0.251
0.380
0.459
0.623
0.504
0.546
0.554
0.457
0.567
0.862
0.533
0.457
0.354
0.486
0.530
0.583
0.265
0.761
0.643
0.760
0.363
0.433
0.464
0.431
0.370
0.571
0.606
0.579
0.455
0.512
0.535
0.514
0.522
0.368
0.474
0.721
0.495
0.324
0.377
0.511
0.338
0.403
0.554
0.586
0.689
0.708
0.820
0.252
0.583
0.601
0.615
0.667
0.747
0.548
0.647
0.509
0.601
0.790
0.361
0.636
0.698
0.725
0.529
0.393
0.524
0.580
0.736
0.457
0.597
0.391
0.680
0.418
0.651
0.742
0.755
0.562
0.502
0.687
0.329
0.411
0.657
0.657
0.391
0.528
0.646
0.639
0.639
0.530
0.534
0.482
0.654
0.701
0.746
0.682
0.753
0.662
0.567
0.489
0.466
0.565
0.584
0.406
0.560
0.671
0.514
0.524
0.629
0.268
0.585
0.442
0.778
0.499
0.445
0.524
0.698
0.460
0.527
0.725
0.744
0.511
0.483
0.323
0.644
0.255
0.514
0.614
0.643
0.512
0.683
0.419
0.525
0.696
0.323
0.404
0.341
0.292
0.489
0.388
0.448
0.383
0.499
0.454
0.376
0.533
0.485
0.505
0.734
0.734
0.323
0.563
0.757
0.677
0.683
0.535
0.495
0.735
0.635
0.721
0.662
0.476
0.426
0.313
0.412
0.515
0.465
0.436
0.396
0.367
0.545
0.691
0.616
0.744
0.630
0.346
0.454
0.453
0.569
0.679
0.590
0.400
0.360
0.575
0.666
0.550
0.617
0.905
0.428
0.695
0.421
0.553
0.491
0.527
0.450
0.716
0.609
0.673
0.609
0.656
0.630
0.511
0.384
0.632
0.458
0.627
0.712
0.627
0.758
0.705
0.607
0.648
0.602
0.702
0.631
0.648
0.703
0.636
0.556
0.660
0.529
0.686
0.675
0.549
0.434
0.302
0.551
0.526
0.524
0.445
0.602
0.481
0.426
0.617
0.866
0.536
0.765
0.683
0.288
0.471
0.466
0.477
0.695
0.556
0.513
0.362
0.603
0.700
0.637
0.533
0.673
0.492
0.456
0.253
0.552
0.717
0.672
0.271
0.625
0.540
0.745
0.540
0.397
0.659
0.576
0.833
0.564
0.328
0.596
0.554
0.429
0.659
0.682
0.636
0.820
0.703
0.621
0.524
0.319
0.362
0.606
0.498
0.631
0.791
0.618
0.618
0.392
0.315
0.629
0.740
0.732
0.589
0.335
0.364
0.742
0.668
0.578
0.517
0.624
0.701
0.681
0.702
0.456
0.581
0.488
0.733
0.352
0.429
0.265
0.470
0.312
0.639
0.426
0.550
0.485
0.695
0.670
0.653
0.520
0.514
0.542
0.721
0.360
0.373
0.637
0.694
0.746
0.486
0.592
0.779
0.757
0.679
0.671
0.496
0.433
0.361
0.492
0.591
0.590
0.739
0.595
0.393
0.416
0.499
0.519
0.554
0.362
0.519
0.600
0.619
0.447
0.434
0.607
0.691
0.692
0.563
0.535
0.708
0.395
0.585
0.499
0.447
0.637
0.716
0.787
0.666
0.614
0.395
0.445
0.455
0.488
0.670
0.455
0.526
0.316
0.383
0.580
0.461
0.515
0.723
0.495
0.433
0.467
0.785
0.602
0.496
0.453
0.461
0.715
0.536
0.521
0.528
0.438
0.748
0.649
0.741
0.657
0.554
0.448
0.480
0.693
0.645
0.579
0.402
0.487
0.579
0.616
0.713
0.455
0.315
0.592
0.816
0.664
0.382
0.636
0.587
0.669
0.704
0.455
0.433
0.333
0.498
0.635
0.645
0.821
0.717
0.630
0.473
0.374
0.372
0.378
0.510
0.487
0.489
0.553
0.430
0.450
0.433
0.815
0.648
0.707
0.234
0.493
0.351
0.503
0.552
0.767
0.571
0.479
0.621
0.611
0.520
0.499
0.714
0.632
0.654
0.532
0.740
0.459
0.500
0.341
0.656
0.537
0.412
0.339
0.528
0.553
0.672
0.608
0.612
0.778
0.476
0.434
0.492
0.695
0.530
0.661
0.662
0.559
0.503
0.443
0.413
0.424
0.635
0.555
0.812
0.635
0.740
0.732
0.765
0.568
0.459
0.663
0.385
0.446
0.665
0.564
0.723
0.687
0.668
0.427
0.490
0.526
0.682
0.602
0.490
0.431
0.562
0.662
0.486
0.299
0.475
0.555
0.681
0.705
0.444
0.490
0.344
0.683
0.551
0.709
0.661
0.370
0.401
0.570
0.570
0.794
0.624
0.596
0.498
0.503
0.649
0.609
0.681
0.321
0.525
0.577
0.526
0.820
0.581
0.595
0.701
0.663
0.511
0.704
0.673
0.733
0.429
0.634
0.363
0.517
0.467
0.586
0.696
0.541
0.525
0.525
0.580
0.804
0.563
0.434
0.373
0.807
0.539
0.526
0.422
0.375
0.456
0.524
0.379
0.571
0.687
0.524
0.460
0.458
0.710
0.682
0.496
0.530
0.441
0.306
0.530
0.542
0.706
0.360
0.441
0.194
0.537
0.634
0.704
0.551
0.265
0.435
0.483
0.430
0.745
0.387
0.529
0.745
0.423
0.573
0.394
0.538
0.531
0.479
0.409
0.521
0.417
0.628
0.713
0.655
0.821
0.535
0.694
0.672
0.427
0.579
0.581
0.231
0.486
0.611
0.654
0.583
0.478
0.272
0.550
0.428
0.635
0.516
0.384
0.390
0.497
0.473
0.607
0.457
0.772
0.772
0.362
0.733
0.357
0.311
0.431
0.430
0.341
0.477
0.317
0.445
0.870
0.708
0.630
0.636
0.795
0.413
0.430
0.396
0.422
0.543
0.493
0.530
0.569
0.689
0.573
0.362
0.297
0.588
0.560
0.789
0.765
0.397
0.372
0.432
0.522
0.365
0.273
0.479
0.575
0.704
0.429
0.335
0.551
0.705
0.479
0.745
0.499
0.824
0.691
0.580
0.805
0.600
0.620
0.642
0.482
0.610
0.498
0.456
0.419
0.540
0.550
0.482
0.574
0.792
0.694
0.652
0.536
0.337
0.463
0.488
0.376
0.849
0.459
0.538
0.503
0.510
0.566
0.642
0.595
0.725
0.585
0.700
0.792
0.541
0.314
0.500
0.414
0.398
0.514
0.388
0.568
0.516
0.504
0.498
0.627
0.715
0.610
0.467
0.357
0.558
0.694
0.802
0.608
0.499
0.718
0.399
0.647
0.432
0.729
0.613
0.563
0.653
0.964
0.596
0.625
0.367
0.481
0.343
0.397
0.444
0.566
0.597
0.670
0.585
0.778
0.540
0.451
0.635
0.792
0.614
0.671
0.690
0.735
0.576
0.427
0.395
0.494
0.714
0.612
0.767
0.354
0.629
0.643
0.742
0.402
0.463
0.634
0.541
0.733
0.574
0.645
0.377
0.481
0.681
0.453
0.601
0.719
0.737
0.637
0.531
0.547
0.650
0.644
0.682
0.664
0.328
0.631
0.530
0.593
0.580
0.575
0.560
0.254
0.461
0.334
0.475
0.553
0.557
0.649
0.614
0.406
0.426
0.498
0.479
0.628
0.243
0.731
0.655
0.401
0.496
0.465
0.551
0.713
0.755
0.671
0.610
0.734
0.462
0.325
0.594
0.625
0.524
0.669
0.369
0.383
0.222
0.514
0.624
0.674
0.763
0.485
0.500
0.498
0.309
0.441
0.428
0.447
0.475
0.441
0.611
0.475
0.381
0.572
0.587
0.554
0.462
0.645
0.738
0.406
0.767
0.661
0.741
0.479
0.466
0.736
0.616
0.631
0.780
0.690
0.813
0.636
0.660
0.605
0.718
0.646
0.841
0.585
0.695
0.519
0.568
0.416
0.625
0.451
0.479
0.441
0.824
0.831
0.624
0.677
0.650
0.590
0.800
0.768
0.426
0.413
0.783
0.679
0.656
0.442
0.536
0.727
0.504
0.412
0.455
0.406
0.624
0.508
0.488
0.400
0.556
0.529
0.736
0.782
0.714
0.624
0.357
0.402
0.693
0.744
0.498
0.631
0.552
0.559
0.686
0.735
0.509
0.379
0.425
0.481
0.274
0.681
0.572
0.618
0.625
0.577
0.442
0.701
0.268
0.332
0.603
0.523
0.357
0.445
0.431
0.582
0.361
0.609
0.698
0.379
0.798
0.455
0.544
0.798
0.853
0.515
0.422
0.304
0.425
0.668
0.528
0.664
0.873
0.584
0.665
0.570
0.701
0.689
0.773
0.678
0.510
0.502
0.682
0.558
0.557
0.655
0.641
0.692
0.886
0.565
0.417
0.348
0.503
0.697
0.552
0.610
0.506
0.455
0.541
0.403
0.516
0.630
0.492
0.479
0.629
0.447
0.633
0.523
0.440
0.700
0.663
0.685
0.394
0.476
0.481
0.493
0.569
0.427
0.461
0.639
0.748
0.494
0.461
0.601
0.478
0.647
0.781
0.543
0.404
0.354
0.572
0.628
0.565
0.633
0.678
0.561
0.724
0.687
0.645
0.700
0.334
0.517
0.692
0.678
0.349
0.382
0.492
0.589
0.458
0.453
0.270
0.447
0.651
0.548
0.524
0.531
0.772
0.433
0.541
0.585
0.440
0.414
0.657
0.549
0.453
0.751
0.678
0.616
0.788
0.527
0.666
0.430
0.748
0.420
0.237
0.423
0.666
0.648
0.695
0.661
0.625
0.363
0.746
0.617
0.780
0.651
0.475
0.437
0.407
0.458
0.306
0.453
0.365
0.557
0.424
0.626
0.633
0.707
0.787
0.572
0.677
0.606
0.491
0.467
0.540
0.673
0.670
0.348
0.447
0.599
0.831
0.624
0.651
0.599
0.283
0.569
0.608
0.475
0.269
0.587
0.590
0.676
0.248
0.542
0.561
0.590
0.590
0.780
0.594
0.617
0.644
0.373
0.467
0.528
0.425
0.373
0.326
0.664
0.441
0.256
0.628
0.621
0.557
0.533
0.615
0.685
0.600
0.646
0.686
0.725
0.620
0.352
0.576
0.545
0.648
0.886
0.826
0.717
0.383
0.352
0.683
0.574
0.391
0.385
0.847
0.609
0.609
0.715
0.760
0.716
0.495
0.719
0.732
0.366
0.365
0.350
0.496
0.620
0.665
0.889
0.623
0.713
0.597
0.432
0.359
0.457
0.546
0.481
0.508
0.646
0.374
0.483
0.307
0.635
0.470
0.555
0.700
0.625
0.404
0.503
0.752
0.729
0.625
0.757
0.498
0.608
0.387
0.445
0.317
0.604
0.545
0.759
0.639
0.705
0.731
0.665
0.610
0.591
0.683
0.458
0.305
0.577
0.475
0.639
0.385
0.619
0.381
0.753
0.647
0.322
0.555
0.467
0.506
0.366
0.530
0.558
0.478
0.406
0.474
0.493
0.560
0.490
0.782
0.556
0.703
0.565
0.612
0.475
0.584
0.416
0.499
0.588
0.485
0.588
0.682
0.684
0.434
0.385
0.632
0.544
0.830
0.436
0.626
0.498
0.603
0.580
0.581
0.558
0.702
0.764
0.421
0.430
0.533
0.441
0.653
0.630
0.601
0.598
0.641
0.631
0.716
0.682
0.637
0.693
0.405
0.648
0.550
0.732
0.574
0.735
0.758
0.716
0.398
0.506
0.437
0.530
0.387
0.459
0.326
0.780
0.645
0.482
0.644
0.497
0.487
0.564
0.513
0.680
0.515
0.581
0.611
0.846
0.636
0.570
0.500
0.523
0.385
0.389
0.709
0.592
0.394
0.334
0.818
0.473
0.739
0.673
0.809
0.487
0.744
0.588
0.739
0.694
0.724
0.379
0.780
0.634
0.709
0.426
0.348
0.308
0.414
0.380
0.422
0.808
0.689
0.549
0.866
0.581
0.647
0.647
0.509
0.501
0.381
0.641
0.663
0.725
0.466
0.548
0.232
0.453
0.685
0.614
0.646
0.668
0.604
0.742
0.627
0.625
0.522
0.841
0.557
0.463
0.560
0.663
0.542
0.756
0.526
0.664
0.605
0.641
0.475
0.560
0.605
0.697
0.681
0.612
0.610
0.504
0.684
0.735
0.485
0.423
0.614
0.702
0.522
0.656
0.693
0.747
0.739
0.416
0.842
0.694
0.696
0.417
0.451
0.322
0.597
0.429
0.713
0.346
0.588
0.781
0.612
0.695
0.565
0.370
0.435
0.576
0.533
0.447
0.450
0.652
0.557
0.682
0.551
0.645
0.611
0.613
0.629
0.510
0.698
0.442
0.318
0.756
0.401
0.524
0.368
0.523
0.361
0.503
0.468
0.556
0.426
0.530
0.513
0.451
0.632
0.505
0.436
0.750
0.642
0.482
0.386
0.492
0.434
0.486
0.650
0.572
0.324
0.604
0.617
0.603
0.677
0.528
0.504
0.614
0.728
0.735
0.636
0.756
0.584
0.407
0.714
0.549
0.525
0.418
0.458
0.360
0.506
0.737
0.710
0.592
0.661
0.358
0.324
0.566
0.546
0.508
0.724
0.628
0.725
0.663
0.542
0.519
0.375
0.689
0.810
0.493
0.532
0.426
0.557
0.419
0.438
0.536
0.610
0.657
0.606
0.725
0.691
0.678
0.586
0.592
0.726
0.699
0.690
0.578
0.766
0.815
0.654
0.716
0.687
0.623
0.553
0.523
0.345
0.476
0.666
0.792
0.595
0.467
0.299
0.488
0.382
0.600
0.668
0.577
0.543
0.623
0.586
0.608
0.789
0.746
0.666
0.596
0.666
0.508
0.417
0.467
0.298
0.445
0.719
0.703
0.628
0.470
0.431
0.443
0.381
0.529
0.477
0.515
0.461
0.488
0.603
0.628
0.796
0.549
0.550
0.662
0.627
0.547
0.717
0.709
0.647
0.454
0.626
0.723
0.743
0.782
0.473
0.675
0.348
0.689
0.577
0.689
0.755
0.661
0.411
0.584
0.374
0.500
0.638
0.533
0.501
0.961
0.712
0.672
0.459
0.519
0.393
0.484
0.594
0.631
0.531
0.516
0.534
0.380
0.479
0.525
0.566
0.726
0.646
0.665
0.676
0.523
0.443
0.625
0.696
0.461
0.620
0.592
0.726
0.527
0.549
0.635
0.713
0.522
0.654
0.238
0.739
0.680
0.812
0.516
0.485
0.501
0.428
0.548
0.700
0.464
0.578
0.725
0.662
0.542
0.819
0.566
0.631
0.400
0.827
0.583
0.713
0.727
0.655
0.626
0.677
0.663
0.501
0.518
0.357
0.528
0.692
0.631
0.545
0.716
0.558
0.363
0.539
0.679
0.801
0.628
0.309
0.637
0.676
0.703
0.555
0.598
0.357
0.397
0.592
0.562
0.508
0.763
0.547
0.418
0.379
0.610
0.525
0.672
0.565
0.505
0.643
0.497
0.494
0.683
0.594
0.632
0.735
0.798
0.320
0.731
0.627
0.707
0.779
0.567
0.657
0.615
0.651
0.472
0.432
0.656
0.919
0.527
0.753
0.768
0.320
0.506
0.378
0.344
0.438
0.332
0.680
0.590
0.740
0.593
0.486
0.625
0.635
0.612
0.465
0.408
0.352
0.425
0.675
0.426
0.490
0.718
0.573
0.362
0.348
0.483
0.469
0.618
0.357
0.665
0.581
0.813
0.848
0.577
0.563
0.650
0.413
0.498
0.447
0.627
0.619
0.598
0.674
0.669
0.733
0.625
0.595
0.752
0.648
0.665
0.579
0.812
0.644
0.750
0.453
0.641
0.772
0.705
0.710
0.784
0.606
0.560
0.408
0.515
0.350
0.381
0.543
0.486
0.460
0.398
0.565
0.415
0.414
0.354
0.626
0.588
0.745
0.645
0.706
0.638
0.697
0.678
0.756
0.515
0.690
0.443
0.549
0.575
0.630
0.621
0.522
0.601
0.345
0.383
0.608
0.470
0.697
0.549
0.538
0.420
0.385
0.495
0.484
0.652
0.528
0.805
0.541
0.413
0.400
0.622
0.294
0.538
0.514
0.719
0.641
0.423
0.388
0.344
0.327
0.507
0.371
0.420
0.435
0.438
0.403
0.328
0.496
0.550
0.587
0.749
0.629
0.500
0.439
0.543
0.569
0.727
0.684
0.707
0.863
0.601
0.632
0.572
0.532
0.550
0.527
0.459
0.496
0.506
0.472
0.455
0.544
0.579
0.481
0.361
0.428
0.461
0.546
0.385
0.432
0.479
0.505
0.370
0.523
0.715
0.657
0.337
0.546
0.515
0.539
0.504
0.800
0.673
0.666
0.685
0.618
0.188
0.478
0.509
0.423
0.440
0.467
0.597
0.748
0.856
0.644
0.676
0.411
0.474
0.545
0.476
0.594
0.422
0.365
0.476
0.640
0.449
0.359
0.502
0.666
0.324
0.505
0.496
0.413
0.560
0.649
0.530
0.709
0.748
0.592
0.426
0.437
0.268
0.639
0.620
0.581
0.402
0.469
0.761
0.571
0.292
0.524
0.510
0.479
0.418
0.572
0.543
0.695
0.745
0.415
0.484
0.500
0.725
0.643
0.702
0.668
0.580
0.423
0.455
0.604
0.692
0.755
0.729
0.597
0.517
0.442
0.654
0.649
0.652
0.514
0.598
0.554
0.679
0.517
0.625
0.372
0.635
0.640
0.439
0.766
0.717
0.660
0.666
0.710
0.840
0.414
0.376
0.460
0.491
0.759
0.641
0.459
0.500
0.519
0.432
0.402
0.446
0.553
0.740
0.544
0.477
0.423
0.355
0.526
0.380
0.414
0.428
0.364
0.505
0.665
0.494
0.705
0.567
0.694
0.613
0.472
0.680
0.676
0.708
0.542
0.401
0.531
0.496
0.540
0.708
0.659
0.365
0.650
0.541
0.809
0.731
0.677
0.672
0.677
0.563
0.475
0.686
0.694
0.688
0.700
0.723
0.669
0.846
0.571
0.772
0.655
0.857
0.600
0.749
0.517
0.827
0.495
0.608
0.630
0.761
0.637
0.598
0.515
0.464
0.481
0.545
0.549
0.774
0.350
0.657
0.372
0.556
0.311
0.309
0.484
0.451
0.761
0.657
0.470
0.360
0.379
0.520
0.508
0.502
0.568
0.564
0.456
0.417
0.764
0.693
0.590
0.483
0.773
0.648
0.735
0.610
0.576
0.525
0.392
0.639
0.698
0.587
0.712
0.779
0.699
0.627
0.593
0.548
0.495
0.627
0.587
0.519
0.485
0.620
0.661
0.643
0.442
0.497
0.378
0.852
0.533
0.568
0.535
0.515
0.527
0.619
0.353
0.488
0.725
0.397
0.544
0.344
0.548
0.812
0.316
0.414
0.570
0.423
0.660
0.413
0.457
0.770
0.402
0.409
0.607
0.497
0.787
0.686
0.732
0.800
0.762
0.594
0.771
0.666
0.732
0.721
0.512
0.411
0.632
0.467
0.415
0.407
0.559
0.759
0.642
0.676
0.468
0.315
0.400
0.461
0.491
0.427
0.597
0.431
0.483
0.714
0.415
0.302
0.435
0.629
0.477
0.712
0.515
0.558
0.503
0.587
0.409
0.516
0.335
0.536
0.544
0.343
0.617
0.535
0.491
0.626
0.665
0.598
0.745
0.434
0.620
0.533
0.366
0.698
0.649
0.663
0.528
0.359
0.592
0.571
0.485
0.497
0.597
0.685
0.985
0.692
0.838
0.537
0.616
0.510
0.637
0.503
0.543
0.447
0.468
0.775
0.632
0.380
0.546
0.859
0.725
0.571
0.634
0.682
0.602
0.555
0.580
0.430
0.462
0.494
0.451
0.472
0.427
0.473
0.449
0.516
0.427
0.351
0.378
0.465
0.404
0.471
0.402
0.497
0.448
0.570
0.306
0.490
0.378
0.483
0.674
0.605
0.506
0.441
0.428
0.432
0.585
0.321
0.676
0.545
0.664
0.724
0.677
0.256
0.407
0.522
0.766
0.520
0.450
0.735
0.716
0.567
0.518
0.415
0.725
0.749
0.843
0.696
0.714
0.555
0.495
0.333
0.522
0.535
0.567
0.529
0.398
0.548
0.491
0.329
0.389
0.781
0.678
0.556
0.413
0.518
0.605
0.873
0.816
0.663
0.491
0.641
0.417
0.303
0.475
0.648
0.561
0.748
0.561
0.757
0.350
0.486
0.525
0.434
0.327
0.608
0.500
0.418
0.691
0.709
0.797
0.422
0.486
0.472
0.816
0.394
0.523
0.342
0.824
0.548
0.395
0.361
0.698
0.424
0.391
0.504
0.564
0.772
0.774
0.651
0.531
0.337
0.673
0.696
0.593
0.482
0.479
0.708
0.718
0.397
0.398
0.486
0.469
0.577
0.736
0.490
0.506
0.592
0.703
0.805
0.503
0.759
0.479
0.709
0.625
0.572
0.685
0.701
0.500
0.748
0.700
0.649
0.355
0.636
0.660
0.831
0.456
0.727
0.436
0.438
0.311
0.471
0.377
0.370
0.544
0.460
0.622
0.847
0.606
0.604
0.593
0.656
0.320
0.538
0.420
0.449
0.620
0.615
0.720
0.464
0.420
0.463
0.500
0.780
0.648
0.670
0.825
0.516
0.641
0.565
0.544
0.567
0.507
0.495
0.847
0.586
0.667
0.559
0.426
0.741
0.879
0.472
0.530
0.388
0.450
0.390
0.471
0.467
0.504
0.428
0.614
0.514
0.511
0.726
0.605
0.747
0.735
0.555
0.613
0.611
0.534
0.479
0.854
0.713
0.519
0.495
0.462
0.612
0.603
0.679
0.447
0.484
0.312
0.447
0.582
0.629
0.351
0.490
0.436
0.494
0.292
0.495
0.646
0.574
0.459
0.476
0.646
0.606
0.776
0.752
0.740
0.500
0.768
0.803
0.755
0.605
0.829
0.775
0.471
0.348
0.627
0.493
0.521
0.593
0.777
0.555
0.645
0.725
0.708
0.375
0.717
0.699
0.766
0.681
0.453
0.429
0.660
0.620
0.518
0.582
0.561
0.352
0.254
0.454
0.485
0.466
0.367
0.530
0.434
0.526
0.571
0.642
0.634
0.567
0.683
0.692
0.522
0.479
0.418
0.473
0.555
0.491
0.502
0.538
0.382
0.680
0.520
0.429
0.561
0.375
0.463
0.350
0.724
0.519
0.334
0.617
0.808
0.655
0.445
0.415
0.558
0.414
0.581
0.537
0.712
0.623
0.344
0.361
0.502
0.785
0.815
0.464
0.609
0.725
0.614
0.611
0.484
0.529
0.677
0.641
0.493
0.777
0.781
0.704
0.414
0.507
0.553
0.474
0.412
0.414
0.364
0.517
0.443
0.561
0.767
0.641
0.459
0.666
0.577
0.498
0.579
0.660
0.771
0.456
0.679
0.450
0.460
0.339
0.527
0.457
0.543
0.728
0.608
0.517
0.638
0.650
0.734
0.640
0.786
0.696
0.654
0.647
0.676
0.841
0.720
0.660
0.776
0.736
0.577
0.533
0.623
0.911
0.651
0.672
0.575
0.431
0.352
0.716
0.720
0.696
0.520
0.713
0.452
0.434
0.508
0.402
0.367
0.455
0.388
0.788
0.521
0.381
0.256
0.567
0.677
0.642
0.641
0.708
0.424
0.425
0.506
0.480
0.498
0.382
0.326
0.316
0.603
0.505
0.841
0.690
0.626
0.586
0.581
0.445
0.506
0.382
0.594
0.417
0.618
0.453
0.468
0.463
0.578
0.333
0.341
0.518
0.558
0.473
0.563
0.479
0.694
0.780
0.729
0.471
0.570
0.708
0.713
0.439
0.456
0.422
0.565
0.709
0.630
0.747
0.652
0.482
0.354
0.510
0.363
0.469
0.630
0.757
0.456
0.249
0.582
0.623
0.457
0.489
0.632
0.520
0.406
0.447
0.388
0.632
0.460
0.845
0.430
0.370
0.511
0.536
0.502
0.477
0.461
0.375
0.365
0.460
0.467
0.424
0.531
0.456
0.485
0.602
0.464
0.392
0.259
0.630
0.398
0.449
0.751
0.771
0.694
0.736
0.628
0.694
0.611
0.759
0.604
0.643
0.570
0.418
0.474
0.644
0.561
0.708
0.611
0.738
0.527
0.503
0.471
0.575
0.685
0.628
0.561
0.898
0.450
0.330
0.509
0.630
0.481
0.576
0.360
0.310
0.349
0.506
0.515
0.380
0.397
0.501
0.536
0.527
0.802
0.603
0.698
0.794
0.484
0.404
0.386
0.468
0.267
0.500
0.424
0.550
0.463
0.655
0.550
0.676
0.654
0.704
0.549
0.587
0.731
0.651
0.626
0.581
0.750
0.313
0.428
0.701
0.395
0.532
0.410
0.438
0.453
0.541
0.353
0.516
0.483
0.469
0.442
0.488
0.613
0.622
0.460
0.711
0.548
0.767
0.678
0.676
0.884
0.627
0.712
0.475
0.649
0.737
0.658
0.515
0.512
0.590
0.529
0.513
0.453
0.371
0.526
0.557
0.494
0.559
0.575
0.577
0.476
0.437
0.594
0.756
0.382
0.500
0.541
0.476
0.462
0.733
0.395
0.815
0.529
0.692
0.473
0.626
0.416
0.501
0.467
0.483
0.570
0.583
0.721
0.673
0.695
0.637
0.577
0.622
0.463
0.501
0.558
0.474
0.352
0.632
0.461
0.689
0.497
0.648
0.637
0.397
0.537
0.563
0.799
0.642
0.720
0.572
0.698
0.674
0.705
0.433
0.404
0.462
0.549
0.648
0.383
0.637
0.536
0.461
0.741
0.612
0.645
0.568
0.440
0.618
0.691
0.758
0.587
0.673
0.673
0.509
0.332
0.460
0.618
0.629
0.387
0.397
0.627
0.779
0.606
0.839
0.617
0.710
0.298
0.539
0.415
0.456
0.368
0.375
0.458
0.461
0.648
0.887
0.758
0.733
0.682
0.548
0.627
0.541
0.537
0.439
0.477
0.638
0.853
0.673
0.613
0.677
0.722
0.509
0.529
0.448
0.836
0.781
0.684
0.723
0.863
0.717
0.526
0.591
0.756
0.852
0.729
0.746
0.679
0.485
0.368
0.374
0.333
0.396
0.639
0.392
0.493
0.419
0.337
0.466
0.533
0.696
0.712
0.685
0.657
0.816
0.641
0.651
0.555
0.730
0.639
0.667
0.468
0.530
0.606
0.587
0.621
0.704
0.548
0.433
0.466
0.578
0.489
0.648
0.597
0.713
0.684
0.668
0.599
0.553
0.525
0.412
0.573
0.423
0.447
0.281
0.565
0.449
0.671
0.609
0.640
0.633
0.685
0.416
0.686
0.759
0.613
0.777
0.789
0.609
0.737
0.557
0.766
0.494
0.493
0.512
0.484
0.605
0.456
0.542
0.496
0.433
0.475
0.548
0.572
0.717
0.768
0.605
0.704
0.605
0.419
0.636
0.522
0.657
0.748
0.740
0.524
0.652
0.514
0.693
0.722
0.506
0.382
0.501
0.550
0.433
0.387
0.435
0.516
0.555
0.747
0.664
0.440
0.678
0.815
0.680
0.785
0.654
0.788
0.860
0.725
0.613
0.564
0.285
0.592
0.487
0.423
0.558
0.483
0.268
0.506
0.590
0.376
0.636
0.585
0.820
0.546
0.615
0.661
0.651
0.692
0.649
0.481
0.369
0.408
0.411
0.773
0.677
0.602
0.453
0.356
0.702
0.487
0.424
0.802
0.741
0.708
0.683
0.668
0.566
0.712
0.682
0.723
0.739
0.477
0.401
0.393
0.597
0.511
0.263
0.437
0.665
0.627
0.360
0.400
0.485
0.493
0.545
0.613
0.626
0.842
0.525
0.620
0.393
0.584
0.248
0.523
0.656
0.370
0.465
0.663
0.816
0.598
0.642
0.760
0.675
0.666
0.656
0.527
0.486
0.401
0.375
0.466
0.575
0.500
0.290
0.614
0.763
0.698
0.857
0.573
0.476
0.470
0.487
0.413
0.554
0.682
0.517
0.399
0.663
0.707
0.520
0.681
0.580
0.647
0.441
0.396
0.455
0.761
0.368
0.589
0.387
0.834
0.540
0.436
0.390
0.464
0.471
0.372
0.787
0.655
0.588
0.381
0.638
0.419
0.792
0.623
0.787
0.464
0.703
0.837
0.717
0.722
0.701
0.693
0.856
0.580
0.813
0.561
0.656
0.750
0.636
0.730
0.584
0.625
0.679
0.619
0.592
0.724
0.763
0.738
0.707
0.703
0.695
0.923
0.612
0.721
0.550
0.583
0.534
0.445
0.422
0.386
0.594
0.593
0.716
0.785
0.779
0.764
0.514
0.581
0.476
0.593
0.551
0.442
0.454
0.493
0.653
0.373
0.464
0.656
0.602
0.276
0.806
0.708
0.697
0.548
0.582
0.589
0.528
0.516
0.569
0.583
0.523
0.709
0.559
0.514
0.573
0.599
0.687
0.638
0.624
0.826
0.426
0.625
0.672
0.496
0.522
0.440
0.679
0.762
0.695
0.701
0.711
0.661
0.534
0.469
0.467
0.387
0.354
0.550
0.552
0.389
0.513
0.569
0.577
0.458
0.449
0.482
0.802
0.503
0.737
0.784
0.697
0.692
0.576
0.626
0.716
0.664
0.585
0.397
0.659
0.497
0.816
0.822
0.577
0.473
0.605
0.727
0.472
0.502
0.525
0.406
0.513
0.500
0.410
0.556
0.323
0.516
0.354
0.548
0.415
0.738
0.545
0.831
0.554
0.585
0.498
0.405
0.402
0.638
0.384
0.576
0.436
0.618
0.516
0.434
0.358
0.568
0.438
0.798
0.808
0.555
0.458
0.412
0.416
0.482
0.583
0.348
0.382
0.511
0.473
0.290
0.587
0.438
0.502
0.356
0.415
0.445
0.491
0.447
0.600
0.372
0.368
0.718
0.519
0.502
0.602
0.744
0.640
0.377
0.501
0.524
0.366
0.586
0.463
0.517
0.426
0.366
0.505
0.514
0.421
0.605
0.634
0.728
0.636
0.532
0.587
0.725
0.639
0.597
0.789
0.670
0.502
0.356
0.603
0.687
0.503
0.384
0.735
0.579
0.501
0.530
0.654
0.402
0.594
0.730
0.700
0.627
0.605
0.503
0.882
0.525
0.527
0.532
0.464
0.422
0.384
0.506
0.735
0.752
0.669
0.692
0.642
0.642
0.637
0.816
0.495
0.565
0.478
0.416
0.428
0.645
0.482
0.704
0.673
0.550
0.468
0.382
0.451
0.510
0.489
0.547
0.685
0.673
0.700
0.798
0.746
0.479
0.633
0.689
0.711
0.751
0.586
0.572
0.768
0.552
0.447
0.418
0.531
0.631
0.753
0.788
0.456
0.654
0.723
0.791
0.587
0.639
0.464
0.468
0.381
0.636
0.528
0.833
0.539
0.541
0.695
0.573
0.614
0.657
0.472
0.542
0.641
0.565
0.726
0.695
0.754
0.805
0.714
0.539
0.600
0.341
0.723
0.427
0.556
0.437
0.522
0.442
0.747
0.397
0.732
0.442
0.640
0.723
0.720
0.501
0.486
0.450
0.431
0.619
0.591
0.699
0.541
0.482
0.597
0.417
0.661
0.788
0.603
0.865
0.802
0.771
0.426
0.571
0.568
0.637
0.474
0.455
0.502
0.506
0.659
0.727
0.874
0.611
0.619
0.603
0.577
0.450
0.504
0.459
0.542
0.533
0.678
0.612
0.559
0.705
0.692
0.592
0.510
0.494
0.455
0.431
0.668
0.473
0.768
0.544
0.440
0.681
0.659
0.600
0.626
0.511
0.391
0.444
0.580
0.700
0.588
0.576
0.829
0.718
0.508
0.800
0.658
0.740
0.641
0.723
0.799
0.745
0.643
0.537
0.638
0.487
0.506
0.439
0.366
0.632
0.598
0.506
0.443
0.343
0.676
0.727
0.710
0.489
0.506
0.354
0.548
0.372
0.521
0.667
0.698
0.678
0.685
0.730
0.703
0.775
0.533
0.483
0.431
0.332
0.572
0.586
0.436
0.436
0.426
0.798
0.775
0.693
0.661
0.729
0.679
0.848
0.600
0.606
0.692
0.707
0.485
0.463
0.515
0.599
0.302
0.517
0.393
0.454
0.343
0.629
0.645
0.744
0.324
0.444
0.513
0.434
0.363
0.467
0.513
0.486
0.448
0.435
0.528
0.794
0.614
0.447
0.461
0.448
0.502
0.585
0.435
0.787
0.728
0.588
0.753
0.746
0.867
0.765
0.655
0.660
0.593
0.658
0.665
0.735
0.434
0.613
0.458
0.508
0.419
0.615
0.736
0.531
0.658
0.759
0.740
0.638
0.520
0.549
0.653
0.688
0.630
0.719
0.737
0.645
0.539
0.591
0.557
0.665
0.678
0.736
0.648
0.451
0.537
0.497
0.549
0.566
0.786
0.624
0.679
0.629
0.831
0.714
0.621
0.675
0.677
0.619
0.498
0.619
0.675
0.683
0.543
0.513
0.457
0.333
0.480
0.701
0.466
0.711
0.451
0.637
0.275
0.428
0.565
0.541
0.436
0.643
0.353
0.683
0.722
0.788
0.690
0.645
0.654
0.676
0.862
0.723
0.679
0.474
0.477
0.537
0.568
0.399
0.487
0.516
0.518
0.461
0.544
0.705
0.714
0.556
0.720
0.702
0.437
0.443
0.512
0.624
0.673
0.593
0.702
0.725
0.452
0.553
0.613
0.488
0.444
0.533
0.190
0.402
0.612
0.808
0.737
0.661
0.710
0.644
0.672
0.672
0.653
0.761
0.700
0.496
0.652
0.402
0.462
0.662
0.746
0.521
0.724
0.593
0.728
0.473
0.598
0.550
0.427
0.512
0.492
0.523
0.479
0.472
0.854
0.545
0.625
0.574
0.290
0.412
0.577
0.644
0.602
0.744
0.611
0.696
0.522
0.580
0.652
0.557
0.318
0.494
0.588
0.696
0.487
0.568
0.492
0.516
0.496
0.767
0.545
0.495
0.542
0.749
0.781
0.401
0.371
0.782
0.815
0.515
0.492
0.338
0.594
0.439
0.567
0.714
0.703
0.462
0.462
0.615
0.402
0.539
0.669
0.602
0.849
0.634
0.563
0.692
0.483
0.605
0.373
0.498
0.680
0.489
0.450
0.525
0.532
0.616
0.473
0.535
0.776
0.711
0.523
0.534
0.579
0.714
0.474
0.334
0.546
0.458
0.575
0.597
0.874
0.649
0.649
0.674
0.672
0.723
0.727
0.540
0.878
0.500
0.731
0.562
0.384
0.488
0.632
0.718
0.833
0.717
0.517
0.467
0.770
0.805
0.585
0.761
0.566
0.498
0.710
0.687
0.498
0.553
0.498
0.574
0.586
0.539
0.557
0.603
0.546
0.773
0.542
0.574
0.372
0.403
0.761
0.716
0.741
0.640
0.636
0.528
0.406
0.324
0.446
0.701
0.720
0.719
0.737
0.692
0.694
0.771
0.540
0.580
0.529
0.379
0.435
0.520
0.680
0.362
0.741
0.616
0.435
0.644
0.656
0.495
0.513
0.336
0.483
0.462
0.389
0.428
0.737
0.594
0.539
0.772
0.756
0.557
0.690
0.507
0.787
0.790
0.575
0.561
0.743
0.509
0.576
0.433
0.489
0.649
0.635
0.499
0.580
0.613
0.759
0.708
0.604
0.601
0.643
0.554
0.594
0.465
0.452
0.460
0.432
0.654
0.729
0.756
0.831
0.761
0.495
0.588
0.426
0.563
0.477
0.603
0.477
0.552
0.694
0.739
0.706
0.732
0.608
0.468
0.453
0.481
0.412
0.648
0.569
0.595
0.588
0.594
0.765
0.395
0.435
0.763
0.597
0.702
0.511
0.472
0.370
0.452
0.442
0.541
0.495
0.569
0.688
0.687
0.576
0.589
0.474
0.549
0.634
0.526
0.720
0.653
0.532
0.658
0.759
0.671
0.508
0.541
0.601
0.563
0.588
0.725
0.510
0.563
0.694
0.600
0.908
0.554
0.561
0.673
0.591
0.685
0.520
0.435
0.592
0.607
0.775
0.689
0.561
0.372
0.508
0.532
0.543
0.660
0.525
0.566
0.542
0.761
0.582
0.730
0.490
0.539
0.457
0.624
0.632
0.540
0.513
0.457
0.472
0.403
0.551
0.505
0.714
0.713
0.703
0.475
0.496
0.618
0.609
0.449
0.428
0.453
0.508
0.498
0.747
0.768
0.703
0.511
0.463
0.510
0.668
0.782
0.778
0.843
0.581
0.760
0.581
0.482
0.468
0.770
0.678
0.946
0.443
0.743
0.671
0.551
0.530
0.687
0.602
0.651
0.628
0.616
0.420
0.460
0.510
0.652
0.761
0.602
0.485
0.593
0.786
0.715
0.788
0.782
0.731
0.835
0.761
0.571
0.773
0.708
0.843
0.637
0.469
0.404
0.501
0.437
0.582
0.471
0.455
0.360
0.512
0.545
0.667
0.671
0.697
0.691
0.617
0.793
0.668
0.759
0.779
0.689
0.564
0.682
0.594
0.630
0.439
0.465
0.398
0.516
0.705
0.696
0.695
0.671
0.555
0.481
0.747
0.665
0.762
0.470
0.802
0.496
0.672
0.439
0.520
0.426
0.697
0.445
0.649
0.681
0.598
0.621
0.799
0.603
0.421
0.496
0.825
0.677
0.553
0.817
0.559
0.595
0.569
0.498
0.445
0.516
0.475
0.805
0.571
0.414
0.393
0.510
0.632
0.740
0.587
0.624
0.627
0.489
0.528
0.526
0.711
0.570
0.563
0.526
0.391
0.714
0.459
0.614
0.660
0.739
0.656
0.729
0.577
0.425
0.587
0.408
0.551
0.413
0.379
0.417
0.373
0.503
0.298
0.561
0.471
0.505
0.442
0.647
0.722
0.553
0.562
0.470
0.436
0.471
0.517
0.383
0.452
0.651
0.734
0.397
0.760
0.577
0.507
0.557
0.697
0.593
0.564
0.480
0.435
0.509
0.409
0.455
0.436
0.679
0.605
0.612
0.586
0.425
0.544
0.758
0.566
0.703
0.587
0.778
0.611
0.758
0.465
0.523
0.610
0.506
0.534
0.550
0.649
0.625
0.628
0.460
0.526
0.503
0.653
0.442
0.519
0.683
0.692
0.709
0.804
0.501
0.556
0.519
0.341
0.448
0.774
0.609
0.509
0.763
0.503
0.473
0.525
0.765
0.651
0.763
0.703
0.580
0.499
0.573
0.425
0.508
0.447
0.369
0.400
0.687
0.520
0.607
0.740
0.691
0.513
0.480
0.482
0.601
0.553
0.497
0.462
0.453
0.809
0.554
0.791
0.697
0.608
0.447
0.524
0.501
0.589
0.455
0.744
0.625
0.668
0.481
0.599
0.745
0.562
0.738
0.495
0.543
0.452
0.585
0.750
0.623
0.639
0.614
0.604
0.577
0.755
0.639
0.648
0.727
0.677
0.583
0.493
0.456
0.516
0.472
0.673
0.538
0.761
0.621
0.594
0.490
0.566
0.389
0.709
0.717
0.653
0.545
0.652
0.422
0.710
0.711
0.530
0.503
0.409
0.681
0.538
0.494
0.625
0.537
0.487
0.485
0.343
0.541
0.473
0.693
0.659
0.546
0.580
0.731
0.451
0.563
0.477
0.606
0.422
0.407
0.804
0.487
0.598
0.608
0.520
0.564
0.443
0.605
0.665
0.670
0.736
0.731
0.632
0.558
0.724
0.719
0.524
0.609
0.656
0.622
0.560
0.812
0.581
0.539
0.713
0.760
0.467
0.562
0.510
0.762
0.780
0.589
0.623
0.453
0.463
0.427
0.594
0.474
0.714
0.696
0.702
0.645
0.529
0.582
0.592
0.452
0.739
0.678
0.487
0.495
0.613
0.680
0.690
0.656
0.712
0.609
0.636
0.764
0.768
0.854
0.692
0.596
0.404
0.507
0.456
0.812
0.635
0.658
0.683
0.695
0.756
0.730
0.424
0.696
0.511
0.869
0.595
0.594
0.605
0.766
0.746
0.561
0.495
0.478
0.738
0.540
0.495
0.789
0.585
0.417
0.561
0.808
0.810
0.654
0.495
0.661
0.413
0.723
0.714
0.549
0.303
0.681
0.713
0.614
0.476
0.752
0.581
0.736
0.560
0.580
0.472
0.602
0.662
0.690
0.688
0.795
0.578
0.534
0.573
0.533
0.509
0.779
0.625
0.455
0.607
0.565
0.694
0.479
0.554
0.367
0.810
0.576
0.748
0.676
0.757
0.709
0.674
0.461
0.607
0.480
0.533
0.351
0.585
0.711
0.820
0.714
0.652
0.705
0.613
0.837
0.488
0.424
0.461
0.475
0.398
0.645
0.650
0.876
0.594
0.473
0.439
0.447
0.407
0.574
0.694
0.726
0.496
0.620
0.790
0.591
0.708
0.691
0.540
0.372
0.632
0.735
0.680
0.553
0.466
0.541
0.742
0.425
0.479
0.695
0.636
0.770
0.574
0.514
0.516
0.743
0.764
0.637
0.509
0.502
0.433
0.383
0.603
0.773

