*z:⸮0.523
0.606
0.492
0.233
0.336
0.438
0.326
0.416
0.360
0.528
0.254
0.101
0.729
0.304
0.452
0.143
0.263
0.580
0.466
0.137
0.210
0.350
0.202
0.330
0.473
0.443
0.419
0.031
0.534
0.463
0.553
0.227
0.169
0.012
0.219
0.420
0.537
0.664
0.456
0.433
0.506
0.192
0.474
0.408
0.198
0.277
0.327
0.340
0.541
0.473
0.093
0.309
0.329
0.044
0.362
0.472
0.540
0.474
0.082
0.324
0.616
0.251
0.510
0.585
0.505
0.260
0.343
0.395
0.306
0.225
0.102
0.524
0.534
0.240
0.619
0.427
0.559
0.343
0.117
0.322
0.341
0.598
0.535
0.383
0.594
0.411
0.310
0.418
0.450
0.777
0.443
0.437
0.463
0.165
0.454
0.497
0.663
0.324
0.327
0.249
0.339
0.112
0.303
0.720
0.585
0.465
0.368
0.236
0.384
0.336
0.476
0.572
0.653
0.588
0.120
0.226
0.676
0.524
0.574
0.588
0.545
0.491
0.139
0.055
0.487
0.308
0.513
0.204
0.475
0.375
0.349
0.391
0.291
0.489
0.271
0.032
0.409
0.481
0.272
0.353
0.729
0.366
0.683
0.318
0.303
0.122
0.402
0.443
0.516
0.362
0.487
0.368
0.447
0.416
0.466
0.525
0.473
0.495
0.573
0.358
0.124
0.557
0.461
0.420
0.549
0.406
0.634
0.594
0.038
0.579
0.519
0.658
0.387
0.138
0.115
0.646
0.486
0.364
0.640
0.429
0.247
0.180
0.502
0.493
0.619
0.238
0.533
0.377
0.468
0.449
0.621
0.514
0.527
0.192
0.394
0.467
0.195
0.437
0.275
0.409
0.711
0.645
0.307
0.150
0.134
0.437
0.434
0.520
0.335
0.570
0.415
0.415
0.619
0.470
0.289
0.430
0.607
0.324
0.556
0.183
0.416
0.605
0.190
0.567
0.330
0.498
0.509
0.370
0.270
0.311
0.295
0.397
0.523
0.283
0.417
0.168
0.378
0.359
0.382
0.156
0.564
0.301
0.323
0.521
0.450
0.360
0.382
0.281
0.494
0.266
0.245
0.109
0.411
0.350
0.244
0.246
0.559
0.387
0.287
0.197
0.313
0.352
0.389
0.460
0.606
0.586
0.344
0.597
0.416
0.392
0.413
0.510
0.552
0.736
0.620
0.271
0.418
0.479
0.566
0.420
0.485
0.153
0.398
0.127
0.367
0.521
0.545
0.549
0.264
0.129
0.309
0.439
0.493
0.103
0.304
0.423
0.289
0.456
0.110
0.162
0.123
0.575
0.220
0.395
0.280
0.489
0.412
0.477
0.638
0.502
0.688
0.533
0.635
0.706
0.473
0.518
0.391
0.505
0.237
0.279
0.268
0.421
0.595
0.422
0.607
0.359
0.564
0.509
0.222
0.389
0.523
0.506
0.509
0.532
0.459
0.534
0.572
0.146
0.336
0.379
0.409
0.140
0.251
0.154
0.247
0.453
0.599
0.349
0.419
0.134
0.507
0.178
0.496
0.372
0.257
0.478
0.344
0.415
0.422
0.586
0.216
0.275
0.618
0.182
0.419
0.522
0.640
0.476
0.249
0.548
0.432
0.317
0.204
0.607
0.431
0.257
0.448
0.220
0.313
0.261
0.634
0.472
0.348
0.348
0.289
0.453
0.349
0.375
0.279
0.296
0.345
0.404
0.408
0.602
0.527
0.581
0.523
0.395
0.516
0.364
0.455
0.582
0.451
0.396
0.424
0.359
0.541
0.513
0.396
0.287
0.182
0.468
0.338
0.468
0.562
0.485
0.345
0.199
0.442
0.347
0.510
0.358
0.385
0.357
0.278
0.369
0.488
0.542
0.315
0.328
0.535
0.359
0.643
0.428
0.368
0.377
0.417
0.358
0.189
0.261
0.530
0.252
0.438
0.465
0.270
0.191
0.363
0.519
0.510
0.316
0.392
0.274
0.556
0.539
0.461
0.383
0.509
0.298
0.579
0.292
0.659
0.477
0.374
0.208
0.431
0.645
0.244
0.444
0.540
0.458
0.288
0.234
0.695
0.391
0.398
0.329
0.405
0.277
0.182
0.519
0.482
0.311
0.289
0.359
0.532
0.368
0.635
0.435
0.447
0.306
0.181
0.350
0.457
0.381
0.374
0.494
0.417
0.298
0.484
0.333
0.392
0.437
0.442
0.648
0.347
0.301
0.623
0.455
0.602
0.293
0.434
0.484
0.402
0.488
0.555
0.494
0.510
0.477
0.312
0.392
0.435
0.544
0.528
0.355
0.286
0.374
0.523
0.451
0.347
0.463
0.214
0.351
0.258
0.516
0.518
0.490
0.264
0.406
0.145
0.298
0.480
0.468
0.367
0.242
0.472
0.598
0.580
0.454
0.640
0.290
0.528
0.342
0.380
0.389
0.272
0.488
0.316
0.332
0.264
0.284
0.325
0.541
0.519
0.184
0.344
0.197
0.327
0.500
0.565
0.579
0.364
0.413
0.445
0.383
0.206
0.450
0.364
0.141
0.392
0.353
0.330
0.326
0.335
0.359
0.203
0.406
0.472
0.633
0.442
0.332
0.315
0.355
0.443
0.453
0.378
0.517
0.430
0.382
0.346
0.619
0.615
0.594
0.271
0.314
0.327
0.167
0.358
0.497
0.147
0.382
0.414
0.397
0.436
0.531
0.540
0.406
0.378
0.217
0.356
0.298
0.538
0.379
0.489
0.313
0.355
0.381
0.397
0.599
0.458
0.456
0.336
0.439
0.499
0.557
0.461
0.212
0.326
0.254
0.292
0.439
0.556
0.535
0.466
0.446
0.633
0.379
0.468
0.394
0.348
0.388
0.257
0.155
0.371
0.466
0.502
0.557
0.280
0.305
0.583
0.398
0.522
0.320
0.275
0.405
0.513
0.476
0.280
0.454
0.554
0.461
0.371
0.217
0.462
0.314
0.404
0.370
0.396
0.414
0.180
0.626
0.536
0.530
0.433
0.325
0.415
0.427
0.162
0.490
0.225
0.416
0.278
0.680
0.410
0.288
0.500
0.280
0.345
0.123
0.484
0.308
0.510
0.366
0.481
0.473
0.340
0.520
0.495
0.355
0.521
0.447
0.221
0.204
0.537
0.424
0.527
0.354
0.313
0.412
0.292
0.690
0.341
0.341
0.348
0.324
0.347
0.521
0.393
0.400
0.173
0.477
0.380
0.325
0.591
0.632
0.459
0.311
0.421
0.348
0.388
0.164
0.335
0.508
0.356
0.517
0.525
0.359
0.535
0.458
0.507
0.367
0.582
0.548
0.134
0.381
0.438
0.363
0.477
0.468
0.439
0.309
0.482
0.302
0.361
0.483
0.701
0.397
0.358
0.464
0.252
0.347
0.464
0.477
0.393
0.432
0.425
0.372
0.507
0.314
0.440
0.487
0.214
0.452
0.422
0.616
0.478
0.485
0.380
0.279
0.284
0.475
0.622
0.577
0.230
0.376
0.431
0.530
0.527
0.309
0.296
0.346
0.264
0.166
0.626
0.327
0.413
0.312
0.178
0.549
0.370
0.480
0.532
0.416
0.423
0.196
0.263
0.381
0.440
0.438
0.482
0.229
0.269
0.329
0.445
0.567
0.430
0.304
0.269
0.465
0.603
0.319
0.451
0.555
0.359
0.544
0.426
0.347
0.378
0.404
0.559
0.215
0.263
0.370
0.282
0.542
0.443
0.350
0.344
0.291
0.320
0.565
0.341
0.500
0.473
0.296
0.600
0.562
0.592
0.433
0.412
0.312
0.195
0.621
0.348
0.554
0.317
0.221
0.449
0.442
0.365
0.519
0.462
0.524
0.392
0.422
0.362
0.448
0.380
0.326
0.303
0.489
0.460
0.282
0.470
0.308
0.352
0.448
0.221
0.572
0.445
0.410
0.168
0.494
0.403
0.517
0.383
0.428
0.149
0.577
0.217
0.479
0.426
0.515
0.499
0.448
0.435
0.209
0.362
0.463
0.546
0.345
0.282
0.408
0.206
0.222
0.301
0.787
0.466
0.261
0.296
0.418
0.576
0.253
0.460
0.430
0.396
0.447
0.477
0.307
0.530
0.338
0.470
0.331
0.505
0.514
0.250
0.486
0.326
0.525
0.432
0.614
0.359
0.166
0.354
0.469
0.533
0.419
0.496
0.284
0.291
0.454
0.212
0.333
0.334
0.355
0.544
0.280
0.285
0.657
0.588
0.519
0.292
0.408
0.491
0.518
0.541
0.527
0.213
0.386
0.505
0.598
0.248
0.230
0.406
0.392
0.476
0.588
0.500
0.469
0.434
0.558
0.294
0.385
0.488
0.565
0.275
0.373
0.287
0.592
0.473
0.561
0.290
0.398
0.426
0.487
0.473
0.523
0.451
0.416
0.377
0.357
0.647
0.643
0.325
0.198
0.590
0.243
0.431
0.683
0.280
0.417
0.182
0.328
0.336
0.528
0.279
0.545
0.357
0.300
0.710
0.512
0.345
0.553
0.308
0.316
0.437
0.392
0.537
0.391
0.354
0.292
0.452
0.243
0.581
0.378
0.543
0.430
0.446
0.351
0.326
0.587
0.433
0.480
0.325
0.227
0.426
0.448
0.438
0.437
0.398
0.266
0.508
0.406
0.573
0.478
0.183
0.364
0.501
0.390
0.539
0.351
0.361
0.389
0.172
0.451
0.301
0.466
0.115
0.348
0.344
0.289
0.354
0.450
0.363
0.350
0.132
0.507
0.428
0.457
0.412
0.439
0.466
0.407
0.305
0.503
0.225
0.436
0.355
0.431
0.478
0.356
0.355
0.309
0.441
0.162
0.472
0.264
0.604
0.506
0.512
0.456
0.270
0.410
0.358
0.448
0.548
0.317
0.385
0.381
0.566
0.337
0.396
0.458
0.387
0.491
0.305
0.475
0.441
0.403
0.260
0.278
0.457
0.398
0.471
0.433
0.234
0.307
0.475
0.456
0.485
0.421
0.241
0.297
0.526
0.289
0.473
0.455
0.501
0.335
0.348
0.571
0.382
0.498
0.261
0.435
0.534
0.209
0.737
0.579
0.356
0.374
0.282
0.395
0.344
0.437
0.502
0.153
0.344
0.251
0.487
0.475
0.337
0.419
0.170
0.537
0.556
0.470
0.350
0.447
0.498
0.264
0.396
0.415
0.485
0.432
0.273
0.489
0.367
0.313
0.517
0.421
0.435
0.317
0.319
0.380
0.562
0.247
0.424
0.348
0.318
0.478
0.493
0.419
0.400
0.446
0.204
0.439
0.581
0.358
0.271
0.464
0.268
0.580
0.579
0.299
0.377
0.151
0.407
0.350
0.427
0.504
0.180
0.547
0.265
0.168
0.300
0.435
0.664
0.337
0.358
0.286
0.517
0.437
0.342
0.571
0.255
0.425
0.520
0.298
0.309
0.496
0.596
0.472
0.488
0.239
0.381
0.369
0.331
0.429
0.339
0.438
0.593
0.357
0.479
0.382
0.416
0.434
0.183
0.463
0.203
0.484
0.255
0.576
0.314
0.194
0.359
0.385
0.486
0.280
0.508
0.179
0.196
0.553
0.424
0.471
0.626
0.365
0.200
0.306
0.436
0.419
0.445
0.401
0.278
0.724
0.414
0.701
0.366
0.248
0.453
0.181
0.565
0.421
0.325
0.497
0.448
0.445
0.410
0.307
0.426
0.353
0.306
0.216
0.517
0.320
0.481
0.432
0.218
0.463
0.501
0.233
0.496
0.381
0.314
0.531
0.486
0.457
0.398
0.402
0.331
0.443
0.360
0.527
0.811
0.365
0.417
0.434
0.375
0.435
0.442
0.337
0.363
0.382
0.254
0.425
0.320
0.348
0.401
0.102
0.389
0.371
0.367
0.346
0.327
0.219
0.540
0.479
0.203
0.660
0.342
0.379
0.500
0.722
0.472
0.533
0.200
0.418
0.549
0.485
0.467
0.364
0.437
0.241
0.291
0.467
0.570
0.417
0.286
0.522
0.430
0.444
0.507
0.298
0.468
0.409
0.216
0.504
0.361
0.262
0.307
0.381
0.435
0.591
0.300
0.339
0.377
0.320
0.371
0.525
0.288
0.434
0.348
0.325
0.620
0.395
0.553
0.487
0.526
0.354
0.571
0.490
0.484
0.199
0.433
0.674
0.399
0.453
0.141
0.414
0.440
0.539
0.442
0.133
0.358
0.509
0.499
0.280
0.188
0.459
0.378
0.340
0.541
0.667
0.349
0.230
0.497
0.307
0.307
0.255
0.269
0.209
0.144
0.315
0.353
0.589
0.553
0.366
0.370
0.425
0.366
0.560
0.552
0.297
0.374
0.384
0.545
0.483
0.193
0.501
0.538
0.330
0.290
0.174
0.677
0.476
0.554
0.296
0.310
0.454
0.518
0.300
0.336
0.197
0.641
0.355
0.680
0.207
0.362
0.429
0.480
0.348
0.573
0.488
0.269
0.454
0.209
0.467
0.505
0.354
0.488
0.466
0.545
0.487
0.282
0.392
0.203
0.445
0.458
0.384
0.439
0.343
0.274
0.544
0.553
0.784
0.409
0.529
0.344
0.546
0.229
0.291
0.217
0.156
0.443
0.348
0.445
0.656
0.337
0.124
0.457
0.339
0.352
0.633
0.476
0.301
0.326
0.471
0.626
0.355
0.489
0.524
0.111
0.283
0.447
0.302
0.596
0.242
0.449
0.356
0.542
0.436
0.296
0.385
0.522
0.509
0.453
0.363
0.203
0.254
0.326
0.187
0.489
0.485
0.240
0.454
0.215
0.366
0.427
0.452
0.442
0.302
0.307
0.276
0.617
0.616
0.298
0.447
0.095
0.465
0.472
0.347
0.394
0.405
0.528
0.550
0.499
0.307
0.371
0.214
0.601
0.292
0.573
0.247
0.603
0.345
0.421
0.486
0.362
0.493
0.311
0.526
0.306
0.519
0.485
0.370
0.287
0.575
0.583
0.372
0.527
0.429
0.307
0.435
0.400
0.542
0.623
0.212
0.559
0.193
0.369
0.242
0.433
0.433
0.551
0.336
0.617
0.485
0.389
0.145
0.330
0.475
0.584
0.283
0.535
0.521
0.264
0.532
0.486
0.276
0.425
0.236
0.586
0.472
0.279
0.218
0.258
0.351
0.370
0.409
0.274
0.220
0.563
0.502
0.485
0.454
0.532
0.540
0.216
0.404
0.524
0.246
0.371
0.413
0.407
0.441
0.639
0.498
0.357
0.347
0.266
0.298
0.517
0.655
0.440
0.428
0.425
0.492
0.591
0.347
0.278
0.394
0.256
0.300
0.574
0.205
0.634
0.375
0.273
0.646
0.347
0.510
0.492
0.372
0.375
0.340
0.577
0.568
0.243
0.404
0.502
0.365
0.528
0.481
0.411
0.472
0.073
0.484
0.692
0.376
0.425
0.329
0.371
0.433
0.360
0.391
0.277
0.345
0.442
0.507
0.395
0.591
0.330
0.253
0.524
0.602
0.379
0.331
0.405
0.349
0.247
0.368
0.487
0.340
0.555
0.332
0.486
0.487
0.572
0.416
0.295
0.374
0.414
0.280
0.583
0.440
0.509
0.174
0.600
0.474
0.494
0.156
0.340
0.409
0.399
0.538
0.532
0.410
0.454
0.523
0.398
0.572
0.263
0.454
0.339
0.536
0.379
0.386
0.376
0.450
0.422
0.528
0.448
0.648
0.390
0.178
0.487
0.324
0.541
0.219
0.272
0.356
0.553
0.379
0.405
0.593
0.274
0.426
0.672
0.588
0.539
0.261
0.466
0.307
0.440
0.426
0.332
0.303
0.295
0.491
0.577
0.529
0.330
0.350
0.120
0.459
0.690
0.384
0.442
0.635
0.296
0.395
0.530
0.334
0.369
0.272
0.387
0.424
0.584
0.400
0.544
0.359
0.419
0.434
0.469
0.227
0.565
0.266
0.497
0.694
0.423
0.558
0.406
0.306
0.463
0.356
0.165
0.269
0.289
0.351
0.288
0.315
0.361
0.381
0.539
0.496
0.476
0.601
0.504
0.447
0.322
0.432
0.521
0.444
0.324
0.448
0.172
0.355
0.649
0.231
0.492
0.474
0.520
0.446
0.330
0.539
0.379
0.374
0.370
0.307
0.411
0.287
0.251
0.220
0.256
0.545
0.559
0.490
0.270
0.412
0.454
0.268
0.554
0.513
0.291
0.205
0.515
0.447
0.537
0.572
0.477
0.618
0.367
0.641
0.514
0.285
0.470
0.632
0.428
0.068
0.524
0.295
0.358
0.408
0.175
0.383
0.460
0.509
0.675
0.400
0.569
0.367
0.298
0.477
0.382
0.408
0.623
0.435
0.278
0.570
0.299
0.524
0.569
0.369
0.205
0.337
0.472
0.368
0.187
0.369
0.292
0.454
0.288
0.533
0.401
0.616
0.229
0.306
0.635
0.549
0.186
0.174
0.556
0.764
0.159
0.876
0.427
0.594
0.555
0.506
0.339
0.398
0.159
0.251
0.560
0.595
0.256
0.221
0.447
0.598
0.312
0.355
0.484
0.391
0.462
0.183
0.549
0.723
0.465
0.417
0.389
0.674
0.506
0.442
0.472
0.224
0.429
0.421
0.458
0.513
0.282
0.444
0.150
0.487
0.554
0.280
0.339
0.576
0.531
0.343
0.303
0.301
0.348
0.600
0.410
0.600
0.092
0.570
0.544
0.421
0.308
0.430
0.501
0.491
0.352
0.372
0.522
0.648
0.554
0.562
0.518
0.583
0.174
0.587
0.211
0.627
0.317
0.339
0.456
0.578
0.120
0.436
0.484
0.051
0.387
0.398
0.242
0.609
0.208
0.235
0.437
0.523
0.535
0.329
0.369
0.259
0.397
0.493
0.388
0.494
0.517
0.296
0.626
0.607
0.454
0.456
0.397
0.385
0.368
0.593
0.291
0.566
0.553
0.716
0.214
0.386
0.381
0.465
0.392
0.270
0.238
0.318
0.335
0.591
0.357
0.466
0.678
0.292
0.640
0.300
0.693
0.552
0.610
0.583
0.487
0.497
0.500
0.243
0.358
0.493
0.276
0.557
0.212
0.387
0.412
0.466
0.572
0.298
0.370
0.400
0.768
0.370
0.428
0.576
0.765
0.390
0.573
0.518
0.590
0.542
0.620
0.554
0.618
0.372
0.383
0.629
0.516
0.228
0.231
0.670
0.510
0.330
0.322
0.343
0.336
0.277
0.345
0.658
0.398
0.398
0.192
0.302
0.383
0.200
0.481
0.683
0.454
0.492
0.161
0.431
0.124
0.334
0.337
0.398
0.153
0.290
0.249
0.121
0.553
0.487
0.211
0.666
0.149
0.249
0.524
0.446
0.485
0.279
0.253
0.484
0.644
0.318
0.362
0.322
0.321
0.422
0.617
0.344
0.281
0.230
0.526
0.427
0.357
0.301
0.526
0.246
0.400
0.566
0.557
0.379
0.430
0.357
0.444
0.173
0.027
0.553
0.283
0.409
0.374
0.508
0.462
0.292
0.587
0.339
0.593
0.566
0.355
0.549
0.392
0.605
0.532
0.340
0.495
0.066
0.466
0.325
0.351
0.466
0.131
0.438
0.400
0.388
0.580
0.368
0.437
0.055
0.362
0.300
0.161
0.503
0.323
0.349
0.527
0.327
0.349
0.658
0.538
0.495
0.550
0.503
0.148
0.489
0.426
0.510
0.430
0.523
0.306
0.197
0.565
0.227
0.621
0.243
0.373
0.637
0.402
0.603
0.487
0.583
0.431
0.015
0.462
0.439
0.350
0.169
0.471
0.413
0.479
0.307
0.371
0.485
0.228
0.515
0.498
0.414
0.397
0.339
0.443
0.650
0.451
0.506
0.719
0.359
0.579
0.322
0.385
0.440
0.523
0.283
0.252
0.177
0.481
0.530
0.500
0.445
0.475
0.447
0.545
0.259
0.361
0.580
0.585
0.636
0.543
0.616
0.381
0.371
0.503
0.556
0.239
0.549
0.264
0.187
0.121
0.450
0.485
0.392
0.446
0.482
0.449
0.422
0.570
0.385
0.391
0.312
0.658
0.260
0.348
0.234
0.185
0.217
0.443
0.063
0.643
0.590
0.596
0.609
0.189
0.427
0.228
0.408
0.199
0.335
0.584
0.406
0.741
0.469
0.548
0.383
0.204
0.284
0.147
0.316
0.369
0.372
0.606
0.377
0.575
0.484
0.257
0.539
0.198
0.397
0.391
0.582
0.560
0.436
0.443
0.316
0.409
0.533
0.120
0.465
0.299
0.341
0.623
0.436
0.486
0.074
0.467
0.517
0.308
0.451
0.241
0.163
0.549
0.607
0.712
0.618
0.291
0.375
0.658
0.410
0.673
0.361
0.397
0.461
0.687
0.652
0.615
0.430
0.193
0.223
0.315
0.533
0.618
0.614
0.485
0.685
0.229
0.210
0.381
0.195
0.109
0.459
0.601
0.455
0.564
0.751
0.181
0.031
0.493
0.130
0.315
0.248
0.282
0.491
0.341
0.292
0.328
0.239
0.404
0.418
0.327
0.401
0.446
0.706
0.448
0.241
0.076
0.642
0.471
0.216
0.045
0.080
0.393
0.475
0.401
0.583
0.541
0.566
0.518
0.375
0.240
0.604
0.542
0.385
0.447
0.339
0.031
0.629
0.571
0.306
0.458
0.000
0.402
0.390
0.357
0.318
0.400
0.559
0.120
0.561
0.637
0.060
0.229
0.240
0.463
0.369
0.408
0.566
0.259
0.397
0.424
0.470
0.344
0.446
0.387
0.184
0.298
0.392
0.445
0.178
0.107
0.495
0.426
0.388
0.584
0.395
0.339
0.174
0.342
0.677
0.341
0.459
0.021
0.004
0.514
0.672
0.521
0.718
0.609
0.183
0.403
0.702
0.376
0.597
0.617
0.425
0.415
0.027
0.394
0.221
0.148
0.480
0.180
0.264
0.304
0.575
0.566
0.402
0.171
0.090
0.341
0.763
0.409
0.217
0.218
0.212
0.548
0.486
0.382
0.532
0.519
0.603
0.440
0.598
0.268
0.390
0.449
0.165
0.437
0.377
0.314
0.439
0.389
0.663
0.553
0.591
0.418
0.242
0.656
0.318
0.397
0.475
0.583
0.369
0.230
0.598
0.689
0.382
0.155
0.100
0.058
0.295
0.326
0.705
0.399
0.353
0.225
0.326
0.599
0.381
0.591
0.132
0.501
0.238
0.557
0.213
0.428
0.440
0.542
0.569
0.313
0.241
0.486
0.467
0.305
0.413
0.482
0.333
0.585
0.644
0.762
0.572
0.516
0.472
0.545
0.721
0.344
0.152
0.091
0.663
0.459
0.529
0.794
0.566
0.454
0.669
0.602
0.602
0.130
0.613
0.692
0.492
0.623
0.198
0.182
0.327
0.430
0.313
0.178
0.310
0.511
0.400
0.378
0.179
0.111
0.418
0.493
0.184
0.146
0.082
0.459
0.557
0.579
0.575
0.342
0.610
0.380
0.133
0.378
0.238
0.646
0.834
0.565
0.476
0.374
0.698
0.203
0.430
0.308
0.672
0.490
0.696
0.546
0.398
0.639
0.289
0.573
0.827
0.475
0.475
0.363
0.462
0.436
0.344
0.268
0.083
0.636
0.409
0.595
0.556
0.314
0.561
0.485
0.331
0.331
0.260
0.721
0.126
0.390
0.483
0.151
0.498
0.563
0.521
0.512
0.098
0.207
0.491
0.596
0.670
0.525
0.626
0.550
0.290
0.338
0.138
0.559
0.003
0.550
0.450
0.225
0.402
0.420
0.435
0.593
0.316
0.307
0.655
0.664
0.330
0.392
0.299
0.086
0.606
0.149
0.391
0.589
0.423
0.361
0.157
0.570
0.677
0.722
0.446
0.537
0.249
0.285
0.216
0.294
0.609
0.506
0.648
0.422
0.141
0.116
0.532
0.456
0.178
0.352
0.225
0.384
0.461
0.418
0.529
0.104
0.515
0.377
0.563
0.446
0.417
0.376
0.330
0.079
0.307
0.576
0.346
0.328
0.440
0.487
0.571
0.480
0.349
0.139
0.442
0.420
0.242
0.412
0.372
0.507
0.564
0.601
0.645
0.329
0.264
0.341
0.327
0.263
0.231
0.691
0.451
0.439
0.687
0.480
0.472
0.505
0.457
0.402
0.237
0.304
0.255
0.512
0.470
0.728
0.607
0.249
0.164
0.511
0.644
0.274
0.442
0.682
0.665
0.622
0.560
0.564
0.128
0.170
0.451
0.478
0.616
0.504
0.454
0.298
0.405
0.143
0.305
0.627
0.198
0.484
0.432
0.561
0.491
0.330
0.492
0.400
0.555
0.376
0.659
0.330
0.257
0.288
0.372
0.440
0.326
0.365
0.461
0.479
0.387
0.346
0.452
0.547
0.368
0.542
0.315
0.512
0.561
0.585
0.484
0.543
0.511
0.608
0.352
0.423
0.387
0.313
0.473
0.195
0.288
0.626
0.400
0.436
0.530
0.530
0.110
0.576
0.549
0.512
0.204
0.327
0.393
0.157
0.214
0.376
0.131
0.097
0.542
0.392
0.095
0.446
0.523
0.574
0.394
0.548
0.501
0.592
0.519
0.611
0.470
0.449
0.567
0.414
0.692
0.552
0.441
0.210
0.433
0.220
0.361
0.450
0.372
0.304
0.600
0.491
0.261
0.629
0.533
0.614
0.104
0.289
0.401
0.394
0.398
0.568
0.528
0.166
0.190
0.264
0.713
0.362
0.302
0.374
0.504
0.436
0.344
0.550
0.417
0.551
0.254
0.578
0.364
0.637
0.452
0.608
0.528
0.552
0.450
0.263
0.240
0.498
0.327
0.160
0.501
0.071
0.471
0.618
0.442
0.298
0.484
0.577
0.533
0.376
0.459
0.582
0.685
0.401
0.206
0.099
0.137
0.350
0.417
0.204
0.433
0.537
0.819
0.302
0.083
0.565
0.541
0.575
0.579
0.482
0.281
0.231
0.251
0.614
0.536
0.405
0.418
0.450
0.209
0.463
0.435
0.090
0.417
0.470
0.656
0.520
0.472
0.580
0.406
0.351
0.469
0.435
0.562
0.272
0.125
0.582
0.350
0.120
0.454
0.367
0.375
0.537
0.468
0.621
0.604
0.701
0.409
0.313
0.550
0.535
0.401
0.134
0.347
0.146
0.387
0.443
0.101
0.475
0.287
0.828
0.522
0.611
0.583
0.131
0.283
0.608
0.356
0.480
0.453
0.465
0.500
0.145
0.574
0.579
0.248
0.352
0.142
0.249
0.594
0.583
0.565
0.162
0.171
0.572
0.459
0.443
0.062
0.484
0.697
0.174
0.142
0.060
0.320
0.602
0.586
0.750
0.508
0.360
0.578
0.585
0.314
0.627
0.524
0.559
0.551
0.386
0.122
0.605
0.586
0.296
0.352
0.659
0.435
0.410
0.133
0.196
0.580
0.399
0.157
0.405
0.723
0.339
0.371
0.153
0.735
0.474
0.231
0.494
0.789
0.412
0.156
0.373
0.679
0.596
0.385
0.609
0.007
0.239
0.618
0.498
0.127
0.264
0.402
0.521
0.606
0.307
0.336
0.563
0.193
0.327
0.612
0.495
0.236
0.183
0.610
0.367
0.464
0.286
0.675
0.617
0.612
0.205
0.520
0.595
0.502
0.527
0.428
0.660
0.060
0.510
0.243
0.610
0.229
0.445
0.604
0.266
0.536
0.516
0.482
0.195
0.201
0.438
0.880
0.163
0.234
0.562
0.662
0.497
0.334
0.638
0.561
0.465
0.210
0.501
0.473
0.579
0.142
0.296
0.553
0.209
0.687
0.021
0.391
0.598
0.226
0.688
0.592
0.220
0.284
0.644
0.607
0.310
0.315
0.284
0.469
0.390
0.369
0.197
0.655
0.218
0.641
0.405
0.454
0.218
0.340
0.444
0.269
0.887
0.623
0.518
0.665
0.380
0.316
0.367
0.594
0.244
0.065
0.157
0.131
0.517
0.545
0.555
0.107
0.465
0.172
0.127
0.413
0.443
0.155
0.408
0.335
0.350
0.415
0.213
0.313
0.003
0.226
0.339
0.185
0.481
0.332
0.434
0.767
0.546
0.376
0.661
0.415
0.597
0.557
0.539
0.221
0.451
0.532
0.498
0.362
0.385
0.378
0.453
0.178
0.812
0.634
0.636
0.212
0.405
0.497
0.524
0.629
0.484
0.391
0.523
0.140
0.186
0.606
0.370
0.112
0.224
0.305
0.228
0.287
0.414
0.362
0.511
0.089
0.319
0.893
0.068
0.721
0.510
0.556
0.131
0.238
0.223
0.562
0.642
0.516
0.615
0.593
0.423
0.576
0.356
0.621
0.620
0.407
0.685
0.340
0.406
0.566
0.190
0.325
0.354
0.328
0.560
0.291
0.456
0.143
0.261
0.463
0.626
0.752
0.335
0.166
0.515
0.509
0.496
0.043
0.342
0.390
0.570
0.206
0.666
0.245
0.515
0.463
0.467
0.365
0.495
0.729
0.018
0.414
0.682
0.480
0.523
0.095
0.527
0.758
0.245
0.230
0.141
0.601
0.369
0.477
0.665
0.672
0.666
0.560
0.447
0.572
0.053
0.642
0.618
0.347
0.058
0.318
0.444
0.481
0.621
0.522
0.234
0.680
0.387
0.503
0.520
0.122
0.441
0.033
0.641
0.430
0.440
0.428
0.581
0.486
0.595
0.622
0.347
0.591
0.222
0.580
0.473
0.572
0.349
0.164
0.490
0.356
0.468
0.115
0.224
0.365
0.041
0.739
0.435
0.717
0.492
0.450
0.681
0.310
0.641
0.395
0.657
0.176
0.375
0.300
0.226
0.551
0.564
0.493
0.173
0.210
0.319
0.381
0.675
0.535
0.440
0.078
0.604
0.562
0.449
0.287
0.260
0.532
0.568
0.504
0.249
0.500
0.498
0.653
0.567
0.579
0.477
0.551
0.637
0.206
0.351
0.350
0.706
0.601
0.403
0.096
0.285
0.690
0.323
0.455
0.105
0.347
0.624
0.481
0.650
0.221
0.641
0.523
0.434
0.333
0.335
0.020
0.273
0.650
0.549
0.731
0.146
0.264
0.553
0.404
0.185
0.124
0.474
0.591
0.212
0.486
0.104
0.752
0.493
0.369
0.408
0.184
0.604
0.343
0.471
0.113
0.532
0.394
0.472
0.375
0.565
0.448
0.406
0.610
0.416
0.471
0.165
0.224
0.280
0.454
0.140
0.336
0.417
0.501
0.413
0.555
0.644
0.350
0.432
0.071
0.453
0.392
0.557
0.408
0.165
0.374
0.477
0.609
0.439
0.322
0.305
0.286
0.181
0.452
0.108
0.164
0.475
0.733
0.423
0.103
0.193
0.154
0.712
0.651
0.470
0.498
0.358
0.541
0.364
0.625
0.365
0.212
0.753
0.573
0.666
0.368
0.054
0.835
0.164
0.623
0.214
0.499
0.097
0.180
0.386
0.642
0.330
0.347
0.208
0.576
0.444
0.469
0.504
0.140
0.119
0.229
0.505
0.536
0.070
0.470
0.644
0.235
0.517
0.240
0.193
0.402
0.581
0.431
0.413
0.535
0.525
0.279
0.640
0.214
0.462
0.508
0.421
0.469
0.151
0.314
0.496
0.337
0.737
0.272
0.576
0.551
0.366
0.708
0.492
0.400
0.544
0.240
0.655
0.674
0.726
0.472
0.362
0.613
0.379
0.471
0.549
0.515
0.384
0.210
0.500
0.387
0.487
0.416
0.263
0.586
0.130
0.554
0.719
0.672
0.245
0.641
0.691
0.283
0.107
0.297
0.234
0.565
0.353
0.298
0.389
0.679
0.621
0.273
0.279
0.637
0.431
0.451
0.216
0.343
0.452
0.261
0.531
0.190
0.634
0.341
0.728
0.552
0.485
0.192
0.642
0.275
0.406
0.625
0.477
0.146
0.490
0.266
0.665
0.237
0.567
0.465
0.516
0.711
0.398
0.126
0.333
0.208
0.441
0.159
0.339
0.511
0.406
0.297
0.341
0.746
0.441
0.434
0.311
0.424
0.448
0.323
0.641
0.556
0.425
0.602
0.514
0.586
0.168
0.099
0.266
0.346
0.602
0.496
0.357
0.475
0.117
0.044
0.635
0.341
0.344
0.321
0.530
0.469
0.317
0.578
0.332
0.443
0.115
0.176
0.265
0.540
0.578
0.116
0.091
0.579
0.523
0.120
0.166
0.304
0.542
0.449
0.334
0.150
0.362
0.360
0.476
0.509
0.570
0.207
0.585
0.448
0.337
0.377
0.526
0.399
0.247
0.714
0.391
0.525
0.409
0.158
0.288
0.512
0.192
0.873
0.230
0.303
0.443
0.251
0.318
0.506
0.605
0.621
0.512
0.168
0.424
0.515
0.361
0.535
0.438
0.611
0.184
0.573
0.559
0.145
0.579
0.701
0.298
0.445
0.546
0.276
0.626
0.531
0.398
0.410
0.244
0.306
0.565
0.509
0.366
0.330
0.432
0.211
0.630
0.233
0.457
0.699
0.478
0.226
0.496
0.498
0.524
0.092
0.235
0.455
0.135
0.443
0.265
0.219
0.534
0.554
0.382
0.428
0.475
0.580
0.480
0.115
0.109
0.485
0.608
0.493
0.334
0.554
0.307
0.710
0.412
0.493
0.617
0.432
0.390
0.492
0.421
0.657
0.102
0.491
0.316
0.506
0.163
0.302
0.421
0.219
0.270
0.578
0.448
0.518
0.428
0.488
0.380
0.351
0.492
0.493
0.297
0.261
0.178
0.385
0.121
0.410
0.169
0.631
0.427
0.851
0.441
0.530
0.521
0.606
0.612
0.366
0.543
0.635
0.386
0.481
0.401
0.457
0.136
0.194
0.462
0.177
0.593
0.616
0.484
0.289
0.640
0.400
0.188
0.188
0.231
0.144
0.318
0.405
0.543
0.504
0.283
0.425
0.269
0.352
0.539
0.211
0.492
0.242
0.384
0.410
0.428
0.488
0.461
0.447
0.207
0.488
0.640
0.814
0.212
0.395
0.420
0.495
0.637
0.277
0.600
0.448
0.447
0.505
0.468
0.172
0.272
0.510
0.227
0.548
0.523
0.303
0.174
0.722
0.657
0.325
0.650
0.389
0.441
0.402
0.646
0.719
0.365
0.326
0.606
0.301
0.317
0.709
0.578
0.252
0.483
0.585
0.466
0.437
0.489
0.631
0.748
0.000
0.440
0.392
0.529
0.453
0.333
0.334
0.156
0.522
0.421
0.262
0.590
0.297
0.437
0.395
0.183
0.409
0.368
0.424
0.452
0.509
0.649
0.506
0.402
0.270
0.516
0.436
0.734
0.358
0.299
0.679
0.408
0.543
0.240
0.360
0.299
0.105
0.825
0.237
0.217
0.251
0.572
0.277
0.284
0.140
0.405
0.486
0.499
0.090
0.431
0.230
0.356
0.544
0.513
0.571
0.569
0.634
0.624
0.599
0.351
0.582
0.456
0.371
0.377
0.560
0.361
0.397
0.743
0.512
0.719
0.200
0.405
0.659
0.505
0.377
0.511
0.450
0.242
0.483
0.583
0.177
0.372
0.561
0.223
0.600
0.219
0.194
0.528
0.414
0.463
0.366
0.242
0.530
0.383
0.426
0.115
0.605
0.262
0.350
0.474
0.460
0.531
0.133
0.206
0.698
0.286
0.359
0.347
0.545
0.626
0.420
0.459
0.155
0.200
0.692
0.755
0.409
0.396
0.221
0.303
0.577
0.371
0.769
0.643
0.448
0.517
0.530
0.186
0.673
0.387
0.247
0.407
0.344
0.553
0.194
0.382
0.528
0.611
0.390
0.656
0.544
0.282
0.496
0.444
0.367
0.518
0.662
0.461
0.485
0.358
0.453
0.384
0.292
0.347
0.393
0.443
0.280
0.391
0.724
0.407
0.404
0.241
0.558
0.585
0.446
0.402
0.719
0.103
0.314
0.360
0.250
0.512
0.610
0.596
0.392
0.380
0.557
0.482
0.667
0.364
0.614
0.216
0.554
0.544
0.304
0.254
0.564
0.230
0.501
0.330
0.466
0.316
0.476
0.355
0.431
0.594
0.041
0.617
0.120
0.186
0.528
0.252
0.256
0.506
0.491
0.306
0.753
0.356
0.478
0.550
0.119
0.869
0.284
0.175
0.554
0.498
0.476
0.576
0.491
0.304
0.251
0.555
0.338
0.550
0.551
0.335
0.103
0.560
0.309
0.584
0.285
0.156
0.297
0.620
0.487
0.507
0.194
0.557
0.072
0.400
0.548
0.346
0.667
0.361
0.416
0.505
0.533
0.386
0.603
0.391
0.195
0.484
0.514
0.694
0.128
0.856
0.110
0.124
0.683
0.458
0.398
0.587
0.578
0.208
0.378
0.368
0.275
0.403
0.532
0.456
0.557
0.520
0.501
0.675
0.455
0.604
0.493
0.716
0.116
0.486
0.416
0.269
0.186
0.433
0.275
0.395
0.121
0.374
0.162
0.456
0.343
0.125
0.499
0.429
0.243
0.365
0.475
0.218
0.323
0.465
0.656
0.623
0.420
0.050
0.348
0.450
0.327
0.669
0.341
0.372
0.200
0.459
0.540
0.452
0.138
0.287
0.438
0.250
0.541
0.508
0.483
0.196
0.479
0.449
0.157
0.645
0.348
0.759
0.383
0.393
0.894
0.453
0.152
0.668
0.066
0.120
0.594
0.087
0.517
0.503
0.312
0.450
0.539
0.276
0.427
0.702
0.661
0.592
0.252
0.109
0.158
0.530
0.449
0.706
0.214
0.601
0.114
0.461
0.421
0.393
0.391
0.149
0.376
0.330
0.258
0.448
0.627
0.238
0.527
0.551
0.185
0.371
0.289
0.496
0.539
0.185
0.391
0.499
0.460
0.502
0.115
0.616
0.154
0.595
0.625
0.143
0.357
0.588
0.512
0.321
0.171
0.717
0.422
0.144
0.346
0.376
0.121
0.362
0.661
0.243
0.309
0.683
0.174
0.652
0.632
0.451
0.523
0.068
0.483
0.758
0.229
0.574
0.340
0.333
0.434
0.237
0.198
0.445
0.499
0.287
0.508
0.752
0.566
0.339
0.551
0.154
0.424
0.362
0.384
0.690
0.325
0.730
0.551
0.270
0.401
0.418
0.416
0.451
0.389
0.602
0.827
0.275
0.196
0.412
0.516
0.183
0.491
0.405
0.487
0.398
0.392
0.513
0.637
0.114
0.683
0.518
0.813
0.498
0.581
0.665
0.203
0.442
0.626
0.019
0.603
0.401
0.272
0.457
0.411
0.654
0.587
0.141
0.479
0.442
0.522
0.218
0.244
0.746
0.222
0.296
0.254
0.371
0.481
0.447
0.420
0.580
0.158
0.353
0.400
0.514
0.653
0.407
0.533
0.062
0.731
0.560
0.227
0.300
0.414
0.463
0.202
0.250
0.549
0.233
0.621
0.315
0.448
0.519
0.507
0.478
0.185
0.513
0.227
0.511
0.131
0.308
0.463
0.326
0.714
0.099
0.374
0.617
0.321
0.773
0.413
0.278
0.893
0.507
0.258
0.383
0.265
0.546
0.294
0.221
0.400
0.634
0.393
0.545
0.164
0.466
0.618
0.506
0.564
0.101
0.516
0.286
0.452
0.578
0.222
0.073
0.588
0.511
0.346
0.528
0.258
0.603
0.154
0.571
0.588
0.455
0.374
0.350
0.365
0.211
0.466
0.874
0.445
0.209
0.673
0.433
0.322
0.480
0.548
0.395
0.191
0.815
0.100
0.439
0.426
0.419
0.294
0.716
0.267
0.900
0.734
0.407
0.231
0.501
0.536
0.691
0.254
0.559
0.323
0.416
0.650
0.198
0.520
0.356
0.288
0.278
0.477
0.262
0.234
0.640
0.462
0.557
0.332
0.355
0.709
0.198
0.450
0.297
0.438
0.304
0.393
0.291
0.585
0.275
0.525
0.284
0.233
0.481
0.288
0.427
0.254
0.506
0.181
0.655
0.421
0.275
0.671
0.331
0.429
0.146
0.440
0.258
0.615
0.338
0.163
0.686
0.586
0.202
1.049
0.151
0.487
0.569
0.311
0.662
0.286
0.796
0.775
0.744
0.370
0.577
0.395
0.365
0.630
0.209
0.603
0.354
0.677
0.464
0.301
0.368
0.468
0.446
0.382
0.404
0.197
0.432
0.207
0.315
0.457
0.639
0.113
0.438
0.221
0.312
0.761
0.220
0.310
0.100
0.626
0.404
0.193
0.411
0.341
0.417
0.504
0.583
0.422
0.620
0.424
0.534
0.403
0.654
0.245
0.795
0.422
0.406
0.531
0.319
0.491
0.125
0.898
0.368
0.486
0.338
0.353
0.600
0.373
0.484
0.555
0.684
0.605
0.681
0.643
0.371
0.442
0.175
0.389
0.239
0.437
0.306
0.497
0.429
0.721
0.352
0.182
0.373
0.316
0.549
0.345
0.447
0.372
0.589
0.399
0.537
0.494
0.597
0.602
0.461
0.507
0.309
0.416
0.623
0.592
0.204
0.505
0.498
0.552
0.605
0.240
0.554
0.507
0.394
0.394
0.353
0.678
0.544
0.328
0.694
0.319
0.163
0.271
0.392
0.476
0.211
0.447
0.397
0.396
0.509
0.408
0.524
0.566
0.308
0.553
0.530
0.184
0.574
0.600
0.249
0.184
0.252
0.335
0.235
0.804
0.224
0.692
0.477
0.248
0.596
0.180
0.485
0.256
0.062
0.316
0.444
0.447
0.421
0.777
0.626
0.329
0.312
0.401
0.168
0.410
0.263
0.445
0.353
0.569
0.422
0.456
0.196
0.609
0.196
0.649
0.233
0.289
0.501
0.288
0.373
0.518
0.337
0.638
0.462
0.551
0.685
0.409
0.269
0.454
0.505
0.431
0.581
0.422
0.766
0.589
0.266
0.499
0.497
0.563
0.372
0.511
0.364
0.452
0.468
0.172
0.491
0.212
0.202
0.764
0.235
0.355
0.450
0.406
0.390
0.402
0.330
0.344
0.395
0.187
0.357
0.492
0.489
0.474
0.304
0.420
0.545
0.410
0.552
0.651
0.341
0.293
0.453
0.743
0.408
0.173
0.422
0.290
0.254
0.150
0.297
0.662
0.331
0.401
0.303
0.644
0.620
0.442
0.513
0.359
0.465
0.312
0.038
0.252
0.482
0.482
0.401
0.349
0.444
0.559
0.372
0.579
0.375
0.382
0.312
0.288
0.427
0.458
0.508
0.442
0.430
0.399
0.228
0.160
0.144
0.491
0.465
0.099
0.540
0.576
0.337
0.550
0.393
0.151
0.123
0.409
0.459
0.446
0.689
0.306
0.613
0.532
0.116
0.292
0.422
0.386
0.427
0.386
0.393
0.614
0.802
0.266
0.212
0.472
0.433
0.650
0.311
0.059
0.355
0.298
0.562
0.469
0.190
0.628
0.436
0.474
0.248
0.357
0.127
0.415
0.347
0.305
0.495
0.242
0.308
0.585
0.352
0.536
0.234
0.675
0.543
0.389
0.573
0.421
0.114
0.470
0.163
0.799
0.224
0.508
0.518
0.331
0.398
0.342
0.291
0.617
0.735
0.758
0.340
0.403
0.426
0.429
0.409
0.257
0.580
0.299
0.421
0.678
0.147
0.492
0.489
0.289
0.391
0.268
0.383
0.592
0.338
0.265
0.473
0.496
0.366
0.427
0.565
0.324
0.179
0.564
0.670
0.580
0.697
0.312
0.406
0.255
0.556
0.098
0.430
0.300
0.510
0.169
0.560
0.044
0.685
0.426
0.218
0.538
0.566
0.315
0.405
0.269
0.577
0.371
0.545
0.471
0.384
0.491
0.306
0.570
0.178
0.144
0.120
0.298
0.634
0.417
0.481
0.614
0.647
0.639
0.276
0.555
0.614
0.148
0.464
0.433
0.152
0.586
0.431
0.436
0.412
0.267
0.270
0.652
0.224
0.427
0.403
0.426
0.438
0.293
0.417
0.305
0.418
0.270
0.189
0.251
0.255
0.587
0.531
0.368
0.413
0.484
0.434
0.640
0.480
0.530
0.180
0.313
0.488
0.187
0.717
0.453
0.518
0.170
0.652
0.308
0.414
0.537
0.335
0.396
0.611
0.302
0.417
0.417
0.453
0.719
0.108
0.456
0.229
0.645
0.340
0.686
0.264
0.679
0.254
0.593
0.531
0.345
0.507
0.466
0.621
0.289
0.313
0.710
0.322
0.396
0.325
0.293
0.334
0.300
0.641
0.415
0.562
0.718
0.326
0.652
0.520
0.197
0.428
0.376
0.410
0.595
0.237
0.618
0.579
0.193
0.598
0.507
0.345
0.578
0.404
0.383
0.108
0.622
0.516
0.589
0.405
0.192
0.477
0.396
0.412
0.391
0.524
0.457
0.370
0.341
0.400
0.340
0.459
0.270
0.096
0.520
0.462
0.543
0.408
0.143
0.702
0.234
0.364
0.473
0.199
0.220
0.322
0.273
0.385
0.294
0.288
0.312
0.712
0.481
0.759
0.529
0.470
0.554
0.563
0.167
0.578
0.534
0.465
0.363
0.471
0.276
0.682
0.435
0.327
0.281
0.419
0.646
0.397
0.473
0.252
0.525
0.915
0.146
0.459
0.283
0.316
0.591
0.198
0.658
0.452
0.629
0.652
0.159
0.228
0.474
0.349
0.478
0.283
0.360
0.627
0.693
0.531
0.517
0.526
0.313
0.337
0.442
0.510
0.510
0.410
0.467
0.177
0.296
0.434
0.490
0.114
0.456
0.123
0.326
0.556
0.492
0.696
0.231
0.260
0.878
0.179
0.400
0.231
0.578
0.458
0.050
0.425
0.392
0.622
0.375
0.686
0.524
0.582
0.543
0.186
0.610
0.289
0.475
0.542
0.306
0.121
0.442
0.290
0.781
0.366
0.667
0.642
0.241
0.719
0.145
0.554
0.261
0.478
0.298
0.361
0.340
0.272
0.483
0.394
0.422
0.652
0.271
0.183
0.337
0.561
0.334
0.428
0.638
0.617
0.561
0.647
0.442
0.740
0.543
0.370
0.424
0.365
0.685
0.297
0.429
0.234
0.589
0.410
0.616
0.319
0.364
0.399
0.513
0.276
0.353
0.421
0.528
0.518
0.266
0.326
0.468
0.579
0.426
0.024
0.536
0.625
0.197
0.476
0.198
0.349
0.643
0.236
0.277
0.164
0.474
0.599
0.296
0.437
0.624
0.379
0.617
0.236
0.453
0.422
0.565
0.254
0.380
0.332
0.592
0.215
0.517
0.358
0.293
0.468
0.087
0.678
0.422
0.115
0.399
0.902
0.307
0.414
0.332
0.387
0.376
0.612
0.180
0.458
0.419
0.643
0.114
0.422
0.701
0.421
0.185
0.530
0.371
0.297
0.606
0.468
0.640
0.341
0.387
0.568
0.500
0.404
0.636
0.284
0.637
0.482
0.400
0.467
0.469
0.313
0.787
0.112
0.130
0.536
0.587
0.400
0.252
0.471
0.323
0.297
0.068
0.567
0.696
0.277
0.706
0.167
0.689
0.281
0.674
0.428
0.234
0.738
0.521
0.316
0.441
0.359
0.434
0.507
0.412
0.767
0.032
0.723
0.367
0.230
0.535
0.463
0.437
0.809
0.318
0.325
0.284
0.551
0.568
0.272
0.628
0.662
0.401
0.416
0.312
0.467
0.333
0.551
0.227
0.283
0.286
0.328
0.215
0.465
0.211
0.473
0.192
0.438
0.610
0.242
0.416
0.358
0.562
0.561
0.301
0.515
0.212
0.553
0.432
0.360
0.363
0.310
0.035
0.592
0.268
0.555
0.253
0.641
0.096
0.455
0.223
0.330
0.355
0.327
0.561
0.743
0.496
0.234
0.888
0.416
0.419
0.631
0.338
0.345
0.203
0.636
0.229
0.284
0.395
0.502
0.452
0.295
0.702
0.287
0.399
0.361
0.715
0.147
0.324
0.476
0.271
0.489
0.720
0.299
0.727
0.464
0.566
0.268
0.413
0.307
0.325
0.170
0.323
0.772
0.337
0.408
0.447
0.423
0.235
0.625
0.585
0.257
0.406
0.655
0.675
0.346
0.572
0.638
0.335
0.207
0.342
0.392
0.237
0.715
0.300
0.355
0.175
0.353
0.353
0.436
0.441
0.425
0.255
0.631
0.365
0.316
0.507
0.131
0.359
0.388
0.251
0.274
0.623
0.277
0.155
0.402
0.571
0.369
0.414
0.391
0.726
0.178
0.596
0.455
0.223
0.579
0.380
0.639
0.268
0.348
0.589
0.248
0.505
0.276
0.697
0.397
0.549
0.490
0.333
0.259
0.503
0.349
0.479
0.342
0.587
0.541
0.081
0.349
0.192
0.451
0.655
0.318
0.594
0.341
0.737
0.512
0.431
0.249
0.712
0.318
0.265
0.606
0.367
0.634
0.434
0.323
0.294
0.294
0.576
0.295
0.627
0.134
0.508
0.601
0.217
0.506
0.117
0.692
0.493
0.298
0.487
0.579
0.334
0.445
0.325
0.623
0.375
0.455
0.578
0.274
0.201
0.398
0.535
0.368
0.400
0.497
0.544
0.617
0.430
0.217
0.466
0.809
0.406
0.653
0.243
0.491
0.298
0.483
0.327
0.595
0.425
0.396
0.628
0.437
0.146
0.320
0.703
0.643
0.497
0.399
0.557
0.453
0.271
0.518
0.573
0.369
0.382
0.540
0.327
0.424
0.286
0.310
0.500
0.320
0.384
0.431
0.278
0.049
0.570
0.648
0.399
0.474
0.510
0.365
0.472
0.187
0.126
0.565
0.723
0.092
0.499
0.388
0.134
0.407
0.467
0.338
0.378
0.070
0.486
0.580
0.670
0.350
0.653
0.523
0.574
0.592
0.190
0.602
0.365
0.550
0.294
0.233
0.445
0.512
0.445
0.476
0.478
0.548
0.467
0.754
0.390
0.602
0.488
0.351
0.503
0.415
0.497
0.614
0.388
0.496
0.207
0.673
0.350
0.173
0.306
0.332
0.453
0.550
0.345
0.377
0.596
0.526
0.270
0.528
0.480
0.589
0.426
0.563
0.539
0.197
0.435
0.445
0.425
0.227
0.566
0.317
0.319
0.308
0.351
0.661
0.474
0.704
0.324
0.230
0.646
0.298
0.453
0.360
0.432
0.476
0.269
0.133
0.313
0.383
0.466
0.250
0.658
0.584
0.235
0.615
0.440
0.698
0.298
0.302
0.481
0.217
0.263
0.376
0.503
0.516
0.337
0.447
0.593
0.179
0.272
0.696
0.454
0.490
0.059
0.621
0.498
0.637
0.552
0.543
0.479
0.723
0.410
0.485
0.256
0.636
0.312
0.579
0.283
0.510
0.339
0.504
0.491
0.361
0.523
0.214
0.479
0.460
0.454
0.492
0.239
0.432
0.581
0.371
0.585
0.349
0.567
0.528
0.379
0.320
0.292
0.627
0.141
0.396
0.562
0.490
0.530
0.232
0.450
0.374
0.465
0.304
0.318
0.254
0.624
0.356
0.449
0.365
0.441
0.409
0.511
0.547
0.237
0.200
0.195
0.551
0.469
0.263
0.436
0.339
0.260
0.372
0.116
0.424
0.226
0.519
0.361
0.228
0.400
0.388
0.374
0.213
0.093
0.553
0.512
0.402
0.396
0.362
0.555
0.421
0.275
0.349
0.535
0.391
0.361
0.473
0.383
0.358
0.550
0.279
0.331
0.401
0.589
0.727
0.425
0.382
0.493
0.448
0.587
0.839
0.324
0.373
0.549
0.387
0.498
0.122
0.652
0.332
0.413
0.486
0.256
0.443
0.428
0.471
0.716
0.127
0.819
0.454
0.310
0.262
0.153
0.413
0.307
0.540
0.275
0.590
0.493
0.291
0.342
0.579
0.512
0.411
0.512
0.255
0.198
0.508
0.482
0.485
0.507
0.600
0.444
0.456
0.356
0.374
0.432
0.262
0.666
0.490
0.307
0.618
0.263
0.495
0.651
0.407
0.385
0.469
0.508
0.335
0.490
0.535
0.323
0.762
0.144
0.556
0.340
0.725
0.357
0.353
0.608
0.352
0.553
0.378
0.418
0.373
0.617
0.370
0.478
0.371
0.402
0.237
0.476
0.493
0.572
0.461
0.352
0.512
0.431
0.773
0.247
0.431
0.214
0.653
0.266
0.221
0.420
0.396
0.378
0.629
0.217
0.444
0.474
0.338
0.686
0.194
0.412
0.527
0.279
0.463
0.586
0.513
0.563
0.608
0.428
0.472
0.443
0.425
0.607
0.237
0.616
0.569
0.545
0.246
0.540
0.466
0.441
0.574
0.511
0.312
0.269
0.506
0.475
0.290
0.533
0.123
0.671
0.575
0.463
0.410
0.341
0.511
0.749
0.490
0.681
0.345
0.685
0.495
0.530
0.221
0.586
0.396
0.603
0.442
0.630
0.310
0.715
0.344
0.656
0.569
0.139
0.312
0.553
0.282
0.245
0.340
0.333
0.186
0.245
0.423
0.521
0.343
0.476
0.109
0.598
0.365
0.500
0.387
0.461
0.267
0.405
0.275
0.437
0.569
0.289
0.428
0.385
0.468
0.288
0.491
0.247
0.432
0.455
0.286
0.157
0.497
0.599
0.615
0.227
0.480
0.495
0.494
0.538
0.522
0.616
0.728
0.359
0.805
0.306
0.328
0.306
0.341
0.465
0.462
0.399
0.331
0.213
0.496
0.389
0.323
0.370
0.417
0.424
0.161
0.601
0.457
0.578
0.516
0.484
0.468
0.261
0.652
0.276
0.552
0.208
0.339
0.206
0.524
0.488
0.325
0.605
0.509
0.500
0.180
0.452
0.620
0.678
0.307
0.203
0.504
0.684
0.250
0.426
0.430
0.511
0.504
0.362
0.553
0.122
0.473
0.128
0.383
0.272
0.534
0.656
0.643
0.288
0.302
0.143
0.656
0.428
0.323
0.277
0.301
0.523
0.577
0.351
0.854
0.385
0.554
0.405
0.272
0.426
0.586
0.416
0.455
0.379
0.402
0.516
0.321
0.591
0.395
0.463
0.415
0.324
0.801
0.417
0.510
0.544
0.313
0.501
0.378
0.619
0.330
0.624
0.500
0.343
0.484
0.343
0.507
0.581
0.514
0.616
0.251
0.637
0.430
0.343
0.698
0.598
0.549
0.521
0.290
0.442
0.519
0.402
0.467
0.179
0.192
0.293
0.453
0.200
0.386
0.607
0.436
0.286
0.640
0.450
0.680
0.172
0.345
0.782
0.295
0.627
0.436
0.261
0.359
0.400
0.221
0.490
0.100
0.350
0.405
0.671
0.500
0.528
0.294
0.540
0.452
0.526
0.216
0.490
0.336
0.322
0.261
0.454
0.269
0.380
0.430
0.334
0.427
0.309
0.708
0.383
0.509
0.274
0.459
0.546
0.549
0.675
0.416
0.599
0.599
0.458
0.489
0.452
0.340
0.377
0.299
0.090
0.139
0.375
0.183
0.459
0.586
0.366
0.592
0.717
0.348
0.557
0.361
0.472
0.435
0.304
0.579
0.592
0.310
0.696
0.237
0.419
0.405
0.629
0.582
0.443
0.455
0.908
0.417
0.663
0.225
0.629
0.353
0.383
0.384
0.327
0.632
0.493
0.452
0.492
0.269
0.339
0.289
0.656
0.539
0.168
0.317
0.513
0.590
0.507
0.438
0.272
0.603
0.373
0.750
0.375
0.325
0.358
0.679
0.110
0.381
0.381
0.688
0.568
0.415
0.433
0.318
0.438
0.623
0.378
0.273
0.584
0.602
0.309
0.421
0.378
0.530
0.433
0.310
0.803
0.085
0.410
0.368
0.374
0.299
0.411
0.271
0.351
0.262
0.409
0.449
0.592
0.357
0.155
0.737
0.358
0.292
0.442
0.571
0.362
0.246
0.207
0.551
0.212
0.594
0.587
0.178
0.340
0.312
0.680
0.332
0.732
0.619
0.444
0.473
0.335
0.378
0.695
0.290
0.487
0.233
0.511
0.506
0.315
0.457
0.346
0.215
0.474
0.439
0.478
0.234
0.362
0.465
0.458
0.386
0.439
0.183
0.427
0.276
0.495
0.307
0.342
0.342
0.372
0.340
0.332
0.406
0.427
0.548
0.214
0.721
0.429
0.411
0.506
0.373
0.366
0.381
0.541
0.608
0.149
0.602
0.313
0.311
0.692
0.269
0.202
0.715
0.222
0.285
0.386
0.522
0.400
0.573
0.782
0.244
0.384
0.614
0.563
0.364
0.292
0.498
0.390
0.247
0.649
0.241
0.339
0.633
0.347
0.613
0.159
0.439
0.320
0.539
0.469
0.642
0.477
0.525
0.048
0.483
0.380
0.477
0.345
0.356
0.381
0.513
0.553
0.346
0.503
0.286
0.565
0.264
0.354
0.422
0.303
0.347
0.547
0.377
0.254
0.477
0.616
0.273
0.320
0.529
0.609
0.369
0.508
0.465
0.282
0.238
0.344
0.472
0.302
0.570
0.491
0.260
0.453
0.565
0.555
0.660
0.571
0.218
0.352
0.381
0.609
0.650
0.277
0.629
0.364
0.352
0.416
0.473
0.366
0.693
0.441
0.290
0.487
0.448
0.257
0.381
0.686
0.270
0.452
0.289
0.705
0.266
0.382
0.279
0.369
0.416
0.222
0.420
0.440
0.237
0.875
0.372
0.498
0.403
0.309
0.546
0.381
0.442
0.393
0.239
0.474
0.215
0.420
0.646
0.161
0.273
0.511
0.524
0.471
0.286
0.297
0.288
0.486
0.418
0.520
0.288
0.604
0.586
0.227
0.302
0.217
0.470
0.542
0.547
0.512
0.334
0.434
0.514
0.348
0.278
0.326
0.308
0.615
0.482
0.429
0.423
0.378
0.489
0.388
0.218
0.424
0.629
0.367
0.332
0.657
0.574
0.417
0.487
0.480
0.205
0.238
0.714
0.484
0.491
0.240
0.474
0.257
0.478
0.584
0.354
0.460
0.520
0.383
0.625
0.467
0.432
0.594
0.574
0.463
0.583
0.582
0.550
0.372
0.354
0.507
0.690
0.568
0.107
0.467
0.147
0.484
0.604
0.158
0.409
0.398
0.618
0.590
0.230
0.526
0.506
0.345
0.397
0.512
0.556
0.275
0.445
0.622
0.133
0.528
0.668
0.261
0.670
0.277
0.339
0.415
0.149
0.267
0.076
0.578
0.778
0.095
0.324
0.742
0.491
0.484
0.332
0.567
0.352
0.413
0.560
0.419
0.356
0.355
0.436
0.468
0.239
0.634
0.585
0.484
0.569
0.480
0.481
0.503
0.441
0.427
0.276
0.479
0.637
0.576
0.508
0.210
0.485
0.574
0.460
0.333
0.556
0.462
0.416
0.618
0.339
0.305
0.689
0.500
0.595
0.450
0.335
0.361
0.230
0.372
0.570
0.327
0.344
0.473
0.285
0.458
0.474
0.398
0.438
0.481
0.493
0.393
0.359
0.071
0.480
0.350
0.451
0.374
0.391
0.389
0.390
0.561
0.699
0.450
0.473
0.445
0.752
0.397
0.314
0.116
0.435
0.258
0.260
0.360
0.281
0.453
0.556
0.549
0.370
0.429
0.625
0.319
0.550
0.265
0.548
0.426
0.433
0.442
0.211
0.482
0.288
0.207
0.339
0.384
0.482
0.394
0.311
0.707
0.414
0.559
0.312
0.253
0.237
0.358
0.227
0.419
0.126
0.589
0.290
0.453
0.468
0.454
0.241
0.202
0.379
0.193
0.339
0.249
0.397
0.360
0.433
0.539
0.580
0.588
0.703
0.114
0.316
0.653
0.653
0.120
0.467
0.380
0.524
0.388
0.364
0.568
0.540
0.398
0.385
0.511
0.718
0.451
0.514
0.458
0.387
0.584
0.420
0.684
0.482
0.242
0.341
0.501
0.595
0.637
0.670
0.409
0.392
0.448
0.642
0.357
0.397
0.357
0.258
0.262
0.635
0.425
0.514
0.319
0.740
0.466
0.698
0.377
0.334
0.722
0.224
0.524
0.339
0.555
0.153
0.330
0.468
0.499
0.435
0.679
0.496
0.573
0.480
0.496
0.476
0.337
0.313
0.210
0.249
0.376
0.719
0.436
0.686
0.627
0.322
0.328
0.422
0.412
0.283
0.796
0.583
0.474
0.194
0.301
0.510
0.461
0.206
0.572
0.771
0.351
0.261
0.260
0.544
0.205
0.488
0.660
0.238
0.182
0.446
0.638
0.491
0.388
0.833
0.380
0.362
0.542
0.544
0.546
0.830
0.343
0.412
0.561
0.277
0.533
0.470
0.413
0.428
0.295
0.407
0.205
0.473
0.442
0.642
0.638
0.156
0.325
0.390
0.468
0.465
0.366
0.352
0.443
0.284
0.213
0.446
0.327
0.353
0.424
0.625
0.112
0.305
0.442
0.099
0.306
0.381
0.507
0.282
0.331
0.346
0.490
0.602
0.429
0.410
0.599
0.254
0.686
0.287
0.592
0.396
0.590
0.795
0.498
0.325
0.542
0.235
0.439
0.492
0.360
0.386
0.359
0.606
0.667
0.442
0.370
0.310
0.332
0.647
0.189
0.387
0.435
0.330
0.575
0.213
0.386
0.396
0.284
0.260
0.162
0.377
0.292
0.320
0.485
0.456
0.507
0.518
0.458
0.320
0.703
0.593
0.270
0.219
0.369
0.595
0.293
0.403
0.578
0.574
0.516
0.272
0.516
0.339
0.567
0.545
0.237
0.363
0.194
0.358
0.581
0.300
0.359
0.338
0.581
0.439
0.514
0.523
0.328
0.482
0.539
0.455
0.286
0.214
0.391
0.759
0.241
0.306
0.301
0.510
0.534
0.361
0.375
0.566
0.742
0.460
0.462
0.354
0.409
0.422
0.396
0.248
0.270
0.304
0.272
0.640
0.235
0.505
0.390
0.175
0.506
0.455
0.539
0.710
0.144
0.292
0.337
0.551
0.538
0.249
0.372
0.397
0.518
0.535
0.577
0.442
0.370
0.612
0.442
0.294
0.458
0.216
0.485
0.473
0.294
0.620
0.511
0.192
0.382
0.635
0.387
0.829
0.310
0.477
0.438
0.679
0.582
0.286
0.455
0.551
0.498
0.548
0.374
0.182
0.442
0.559
0.595
0.154
0.418
0.667
0.293
0.455
0.459
0.460
0.416
0.373
0.486
0.336
0.458
0.632
0.162
0.528
0.275
0.319
0.588
0.272
0.410
0.536
0.356
0.348
0.127
0.569
0.256
0.308
0.225
0.560
0.189
0.679
0.443
0.391
0.459
0.300
0.601
0.468
0.522
0.174
0.356
0.430
0.399
0.287
0.324
0.520
0.550
0.289
0.641
0.579
0.424
0.391
0.676
0.390
0.333
0.374
0.381
0.468
0.318
0.225
0.665
0.498
0.426
0.523
0.467
0.603
0.757
0.220
0.440
0.281
0.489
0.567
0.328
0.436
0.334
0.601
0.450
0.264
0.430
0.424
0.610
0.467
0.462
0.464
0.291
0.392
0.503
0.493
0.204
0.588
0.613
0.293
0.320
0.628
0.275
0.726
0.391
0.288
0.553
0.635
0.576
0.432
0.642
0.513
0.570
0.521
0.251
0.171
0.590
0.216
0.297
0.476
0.432
0.342
0.526
0.237
0.354
0.482
0.584
0.469
0.504
0.214
0.693
0.482
0.351
0.366
0.277
0.453
0.700
0.667
0.302
0.432
0.489
0.366
0.597
0.273
0.517
0.427
0.300
0.473
0.256
0.716
0.392
0.454
0.331
0.207
0.355
0.510
0.673
0.576
0.426
0.275
0.240
0.371
0.498
0.352
0.426
0.441
0.592
0.440
0.209
0.300
0.239
0.418
0.479
0.290
0.308
0.588
0.301
0.358
0.414
0.516
0.726
0.142
0.397
0.330
0.748
0.326
0.593
0.298
0.320
0.459
0.377
0.511
0.234
0.257
0.444
0.225
0.244
0.509
0.370
0.459
0.202
0.506
0.167
0.548
0.305
0.531
0.227
0.398
0.554
0.520
0.598
0.505
0.480
0.431
0.218
0.499
0.480
0.379
0.506
0.160
0.419
0.452
0.509
0.345
0.633
0.522
0.521
0.448
0.284
0.464
0.542
0.606
0.404
0.437
0.485
0.293
0.629
0.358
0.483
0.417
0.506
0.696
0.278
0.439
0.498
0.283
0.439
0.478
0.686
0.535
0.433
0.410
0.539
0.376
0.386
0.407
0.658
0.324
0.523
0.448
0.347
0.440
0.412
0.467
0.492
0.325
0.516
0.440
0.328
0.619
0.513
0.368
0.422
0.490
0.425
0.331
0.362
0.425
0.385
0.812
0.526
0.387
0.243
0.533
0.300
0.421
0.590
0.306
0.436
0.397
0.271
0.486
0.246
0.331
0.161
0.219
0.474
0.431
0.345
0.281
0.154
0.717
0.405
0.637
0.463
0.363
0.344
0.565
0.464
0.251
0.409
0.324
0.560
0.324
0.308
0.273
0.438
0.465
0.495
0.379
0.350
0.831
0.185
0.410
0.269
0.395
0.439
0.353
0.343
0.616
0.451
0.403
0.449
0.206
0.446
0.102
0.401
0.384
0.432
0.424
0.371
0.424
0.363
0.419
0.522
0.569
0.317
0.456
0.234
0.250
0.685
0.624
0.398
0.498
0.515
0.550
0.533
0.476
0.633
0.618
0.468
0.320
0.403
0.462
0.525
0.519
0.496
0.461
0.374
0.650
0.326
0.678
0.332
0.480
0.521
0.548
0.581
0.580
0.297
0.303
0.457
0.507
0.432
0.573
0.315
0.490
0.135
0.518
0.449
0.484
0.174
0.096
0.366
0.357
0.660
0.560
0.396
0.654
0.422
0.671
0.404
0.563
0.410
0.454
0.643
0.772
0.128
0.517
0.358
0.222
0.277
0.321
0.573
0.414
0.362
0.318
0.337
0.536
0.466
0.173
0.675
0.435
0.679
0.468
0.344
0.286
0.288
0.295
0.482
0.174
0.702
0.436
0.578
0.424
0.517
0.462
0.259
0.379
0.452
0.289
0.707
0.476
0.621
0.097
0.509
0.583
0.700
0.320
0.544
0.381
0.504
0.310
0.374
0.390
0.476
0.412
0.670
0.305
0.447
0.213
0.548
0.253
0.370
0.674
0.673
0.423
0.704
0.479
0.422
0.411
0.552
0.149
0.332
0.553
0.745
0.700
0.483
0.159
0.404
0.593
0.614
0.571
0.372
0.504
0.301
0.722
0.236
0.266
0.394
0.649
0.504
0.384
0.217
0.379
0.632
0.566
0.725
0.545
0.628
0.643
0.451
0.510
0.334
0.537
0.462
0.715
0.428
0.329
0.749
0.563
0.205
0.345
0.403
0.615
0.700
0.566
0.305
0.200
0.252
0.271
0.218
0.612
0.716
0.356
0.715
0.395
0.606
0.280
0.489
0.612
0.184
0.404
0.453
0.140
0.651
0.321
0.233
0.441
0.475
0.440
0.465
0.481
0.382
0.223
0.377
0.246
0.401
0.479
0.394
0.601
0.550
0.484
0.530
0.328
0.389
0.291
0.440
0.421
0.316
0.540
0.512
0.351
0.502
0.196
0.431
0.552
0.569
0.681
0.305
0.310
0.482
0.349
0.343
0.457
0.544
0.555
0.509
0.706
0.447
0.407
0.336
0.338
0.300
0.463
0.462
0.752
0.233
0.527
0.607
0.350
0.460
0.358
0.505
0.395
0.115
0.699
0.432
0.575
0.355
0.358
0.385
0.553
0.446
0.496
0.402
0.825
0.425
0.626
0.601
0.420
0.421
0.369
0.278
0.520
0.260
0.350
0.375
0.347
0.644
0.376
0.276
0.297
0.122
0.326
0.331
0.373
0.331
0.303
0.486
0.604
0.395
0.183
0.533
0.363
0.319
0.475
0.434
0.641
0.639
0.568
0.467
0.383
0.659
0.587
0.542
0.591
0.439
0.463
0.624
0.347
0.445
0.483
0.492
0.351
0.233
0.543
0.298
0.371
0.639
0.446
0.337
0.458
0.279
0.292
0.463
0.472
0.235
0.384
0.404
0.331
0.289
0.526
0.317
0.699
0.190
0.516
0.462
0.346
0.362
0.430
0.823
0.327
0.349
0.369
0.463
0.463
0.390
0.248
0.151
0.333
0.360
0.546
0.461
0.420
0.616
0.346
0.562
0.327
0.592
0.548
0.589
0.303
0.284
0.365
0.277
0.271
0.673
0.558
0.691
0.635
0.374
0.336
0.346
0.432
0.541
0.602
0.364
0.257
0.156
0.233
0.384
0.406
0.492
0.348
0.158
0.287
0.454
0.445
0.492
0.569
0.194
0.368
0.162
0.491
0.626
0.249
0.415
0.181
0.706
0.690
0.305
0.679
0.535
0.327
0.822
0.345
0.277
0.247
0.440
0.555
0.392
0.554
0.541
0.391
0.482
0.623
0.530
0.330
0.296
0.535
0.471
0.668
0.376
0.455
0.732
0.268
0.440
0.307
0.417
0.722
0.110
0.246
0.571
0.385
0.351
0.401
0.193
0.452
0.421
0.441
0.352
0.378
0.359
0.294
0.318
0.209
0.614
0.347
0.541
0.528
0.600
0.672
0.400
0.231
0.276
0.334
0.365
0.591
0.404
0.389
0.590
0.358
0.400
0.772
0.441
0.317
0.510
0.492
0.257
0.513
0.408
0.630
0.444
0.330
0.468
0.336
0.464
0.388
0.347
0.582
0.401
0.496
0.535
0.724
0.527
0.534
0.491
0.542
0.728
0.362
0.291
0.318
0.249
0.263
0.388
0.257
0.407
0.416
0.464
0.365
0.473
0.672
0.726
0.203
0.717
0.634
0.549
0.373
0.567
0.497
0.515
0.345
0.243
0.252
0.386
0.031
0.533
0.459
0.169
0.562
0.516
0.424
0.401
0.224
0.365
0.246
0.564
0.380
0.512
0.422
0.595
0.284
0.677
0.327
0.280
0.407
0.183
0.585
0.547
0.566
0.341
0.365
0.388
0.312
0.796
0.261
0.467
0.600
0.401
0.388
0.299
0.402
0.266
0.470
0.331
0.395
0.372
0.533
0.352
0.315
0.469
0.754
0.382
0.519
0.404
0.456
0.529
0.194
0.330
0.456
0.591
0.407
0.440
0.733
0.665
0.421
0.265
0.621
0.516
0.520
0.551
0.264
0.586
0.320
0.614
0.437
0.427
0.598
0.635
0.553
0.679
0.447
0.553
0.157
0.776
0.532
0.357
0.438
0.464
0.180
0.620
0.367
0.504
0.583
0.435
0.416
0.351
0.482
0.520
0.451
0.620
0.229
0.452
0.312
0.454
0.520
0.196
0.201
0.656
0.319
0.418
0.537
0.237
0.747
0.334
0.359
0.384
0.269
0.433
0.410
0.417
0.187
0.473
0.281
0.334
0.318
0.537
0.384
0.277
0.241
0.391
0.338
0.203
0.616
0.440
0.554
0.314
0.106
0.226
0.412
0.428
0.240
0.323
0.662
0.558
0.338
0.243
0.476
0.503
0.321
0.329
0.618
0.633
0.604
0.173
0.606
0.592
0.490
0.523
0.589
0.466
0.460
0.431
0.601
0.180
0.474
0.223
0.681
0.684
0.578
0.509
0.811
0.262
0.368
0.541
0.503
0.382
0.368
0.608
0.143
0.392
0.277
0.159
0.540
0.499
0.360
0.287
0.386
0.500
0.334
0.802
0.543
0.272
0.534
0.375
0.723
0.660
0.337
0.526
0.199
0.462
0.559
0.199
0.346
0.566
0.430
0.496
0.476
0.132
0.267
0.235
0.519
0.570
0.273
0.546
0.611
0.374
0.302
0.288
0.386
0.583
0.304
0.544
0.665
0.294
0.334
0.606
0.347
0.381
0.303
0.232
0.062
0.193
0.219
0.308
0.560
0.419
0.462
0.640
0.534
0.630
0.657
0.623
0.587
0.360
0.271
0.520
0.467
0.256
0.320
0.263
0.592
0.355
0.524
0.715
0.594
0.205
0.081
0.396
0.594
0.282
0.751
0.208
0.450
0.340
0.393
0.388
0.417
0.346
0.282
0.644
0.425
0.258
0.531
0.347
0.396
0.398
0.392
0.411
0.519
0.590
0.459
0.511
0.740
0.349
0.383
0.505
0.399
0.385
0.316
0.363
0.572
0.575
0.432
0.684
0.342
0.424
0.411
0.413
0.368
0.159
0.233
0.679
0.262
0.388
0.524
0.695
0.279
0.274
0.341
0.235
0.290
0.520
0.303
0.702
0.577
0.256
0.334
0.617
0.192
0.283
0.526
0.157
0.276
0.317
0.493
0.629
0.415
0.258
0.330
0.496
0.611
0.196
0.351
0.351
0.728
0.388
0.442
0.360
0.347
0.225
0.392
0.279
0.585
0.405
0.552
0.322
0.732
0.197
0.407
0.602
0.599
0.538
0.423
0.372
0.549
0.559
0.679
0.260
0.342
0.239
0.444
0.646
0.281
0.266
0.397
0.643
0.378
0.215
0.639
0.315
0.457
0.672
0.496
0.180
0.222
0.357
0.649
0.485
0.614
0.350
0.255
0.637
0.259
0.424
0.300
0.584
0.523
0.293
0.370
0.402
0.346
0.530
0.198
0.487
0.479
0.403
0.421
0.576
0.441
0.324
0.398
0.490
0.484
0.768
0.394
0.230
0.612
0.535
0.432
0.484
0.561
0.399
0.447
0.703
0.601
0.386
0.265
0.536
0.428
0.336
0.430
0.654
0.336
0.322
0.317
0.412
0.441
0.328
0.403
0.329
0.292
0.432
0.180
0.511
0.698
0.671
0.555
0.659
0.587
0.519
0.239
0.326
0.167
0.398
0.584
0.296
0.226
0.239
0.300
0.365
0.393
0.354
0.495
0.499
0.674
0.220
0.273
0.532
0.593
0.487
0.341
0.663
0.343
0.312
0.499
0.473
0.452
0.384
0.399
0.441
0.443
0.487
0.491
0.520
0.568
0.511
0.537
0.481
0.561
0.490
0.538
0.566
0.361
0.513
0.471
0.539
0.465
0.467
0.431
0.545
0.339
0.762
0.360
0.310
0.389
0.549
0.498
0.519
0.394
0.463
0.237
0.315
0.495
0.712
0.713
0.395
0.234
0.483
0.341
0.389
0.257
0.404
0.581
0.181
0.556
0.541
0.493
0.405
0.513
0.640
0.396
0.582
0.495
0.404
0.445
0.570
0.799
0.599
0.304
0.349
0.338
0.280
0.385
0.506
0.561
0.280
0.696
0.621
0.223
0.599
0.352
0.424
0.612
0.565
0.270
0.292
0.439
0.702
0.470
0.377
0.413
0.559
0.655
0.315
0.427
0.253
0.400
0.461
0.458
0.434
0.222
0.289
0.293
0.421
0.666
0.544
0.583
0.381
0.325
0.519
0.193
0.307
0.537
0.352
0.352
0.289
0.590
0.412
0.541
0.182
0.289
0.543
0.391
0.303
0.331
0.417
0.491
0.584
0.208
0.251
0.374
0.247
0.640
0.480
0.304
0.562
0.292
0.513
0.378
0.394
0.281
0.506
0.540
0.487
0.554
0.480
0.523
0.530
0.406
0.396
0.334
0.459
0.465
0.272
0.452
0.414
0.414
0.469
0.465
0.428
0.521
0.621
0.779
0.283
0.320
0.384
0.646
0.602
0.289
0.350
0.336
0.394
0.677
0.360
0.385
0.418
0.163
0.455
0.142
0.303
0.441
0.394
0.433
0.197
0.338
0.557
0.399
0.537
0.531
0.559
0.444
0.207
0.495
0.346
0.372
0.336
0.549
0.430
0.346
0.385
0.226
0.597
0.638
0.460
0.448
0.325
0.444
0.545
0.312
0.203
0.616
0.235
0.311
0.344
0.487
0.574
0.499
0.502
0.270
0.526
0.549
0.348
0.608
0.433
0.293
0.712
0.434
0.434
0.425
0.544
0.228
0.220
0.211
0.422
0.624
0.542
0.488
0.524
0.448
0.523
0.631
0.369
0.265
0.506
0.635
0.397
0.488
0.396
0.529
0.580
0.364
0.304
0.315
0.747
0.589
0.471
0.543
0.430
0.344
0.540
0.610
0.376
0.688
0.514
0.382
0.439
0.379
0.528
0.306
0.370
0.534
0.572
0.591
0.633
0.440
0.421
0.567
0.559
0.516
0.627
0.751
0.524
0.265
0.417
0.440
0.493
0.358
0.474
0.380
0.450
0.702
0.387
0.683
0.506
0.525
0.397
0.274
0.410
0.367
0.594
0.737
0.369
0.337
0.359
0.409
0.436
0.295
0.614
0.555
0.476
0.477
0.379
0.462
0.457
0.466
0.544
0.506
0.350
0.352
0.306
0.483
0.383
0.434
0.484
0.326
0.616
0.452
0.442
0.451
0.316
0.383
0.372
0.455
0.528
0.225
0.529
0.351
0.672
0.334
0.340
0.631
0.501
0.671
0.656
0.320
0.410
0.582
0.529
0.560
0.303
0.483
0.509
0.486
0.458
0.428
0.352
0.446
0.233
0.388
0.457
0.321
0.318
0.365
0.531
0.259
0.218
0.638
0.376
0.461
0.256
0.578
0.432
0.367
0.503
0.506
0.583
0.685
0.573
0.552
0.421
0.244
0.187
0.244
0.444
0.495
0.589
0.493
0.366
0.361
0.511
0.718
0.582
0.760
0.439
0.416
0.643
0.482
0.385
0.527
0.283
0.440
0.455
0.449
0.550
0.415
0.480
0.447
0.391
0.601
0.430
0.404
0.291
0.289
0.342
0.422
0.363
0.278
0.484
0.575
0.565
0.666
0.487
0.640
0.272
0.417
0.415
0.505
0.590
0.593
0.546
0.368
0.330
0.450
0.306
0.345
0.387
0.422
0.325
0.342
0.386
0.496
0.518
0.599
0.393
0.594
0.648
0.524
0.331
0.416
0.288
0.405
0.536
0.525
0.196
0.376
0.443
0.321
0.431
0.364
0.340
0.344
0.558
0.515
0.549
0.350
0.599
0.277
0.458
0.298
0.475
0.623
0.387
0.603
0.536
0.716
0.390
0.375
0.318
0.324
0.343
0.409
0.356
0.496
0.644
0.366
0.478
0.538
0.491
0.484
0.383
0.506
0.498
0.368
0.459
0.390
0.340
0.661
0.364
0.440
0.472
0.487
0.398
0.680
0.391
0.610
0.482
0.505
0.590
0.319
0.308
0.650
0.418
0.518
0.528
0.341
0.711
0.565
0.331
0.367
0.429
0.426
0.513
0.397
0.731
0.324
0.304
0.529
0.397
0.401
0.324
0.425
0.289
0.459
0.466
0.305
0.768
0.536
0.553
0.591
0.628
0.395
0.459
0.513
0.325
0.252
0.201
0.350
0.408
0.570
0.493
0.361
0.424
0.565
0.459
0.571
0.562
0.366
0.350
0.413
0.604
0.307
0.432
0.304
0.489
0.296
0.561
0.446
0.283
0.457
0.557
0.611
0.818
0.396
0.493
0.378
0.309
0.384
0.461
0.689
0.477
0.647
0.631
0.429
0.406
0.525
0.623
0.691
0.532
0.322
0.415
0.604
0.577
0.465
0.248
0.645
0.455
0.441
0.362
0.671
0.350
0.242
0.310
0.310
0.371
0.488
0.448
0.542
0.204
0.514
0.508
0.572
0.525
0.343
0.422
0.466
0.518
0.426
0.412
0.401
0.404
0.497
0.475
0.255
0.495
0.429
0.422
0.448
0.472
0.573
0.291
0.299
0.619
0.474
0.645
0.598
0.416
0.365
0.528
0.421
0.491
0.372
0.543
0.317
0.482
0.558
0.452
0.408
0.434
0.522
0.541
0.226
0.530
0.391
0.387
0.477
0.426
0.410
0.384
0.356
0.473
0.373
0.279
0.385
0.487
0.472
0.392
0.349
0.562
0.527
0.331
0.368
0.461
0.812
0.449
0.284
0.335
0.283
0.596
0.401
0.704
0.415
0.340
0.534
0.458
0.572
0.473
0.610
0.489
0.317
0.330
0.532
0.520
0.537
0.360
0.464
0.417
0.437
0.457
0.342
0.362
0.482
0.472
0.438
0.540
0.275
0.513
0.609
0.565
0.450
0.334
0.437
0.580
0.613
0.508
0.466
0.203
0.333
0.524
0.554
0.528
0.317
0.409
0.814
0.415
0.582
0.327
0.377
0.559
0.403
0.507
0.435
0.455
0.555
0.355
0.691
0.215
0.456
0.642
0.292
0.467
0.406
0.324
0.477
0.648
0.290
0.520
0.476
0.501
0.484
0.449
0.313
0.241
0.426
0.158
0.580
0.624
0.382
0.613
0.316
0.637
0.621
0.371
0.627
0.471
0.690
0.534
0.488
0.470
0.471
0.276
0.288
0.338
0.543
0.605
0.277
0.383
0.247
0.348
0.305
0.269
0.505
0.720
0.537
0.355
0.434
0.342
0.511
0.403
0.398
0.293
0.306
0.208
0.397
0.350
0.347
0.148
0.400
0.560
0.411
0.295
0.399
0.324
0.454
0.273
0.615
0.493
0.361
0.245
0.325
0.353
0.507
0.504
0.407
0.482
0.579
0.367
0.335
0.368
0.301
0.473
0.251
0.570
0.521
0.503
0.336
0.367
0.580
0.520
0.464
0.507
0.618
0.304
0.632
0.536
0.443
0.723
0.365
0.497
0.370
0.545
0.562
0.653
0.574
0.364
0.661
0.444
0.400
0.494
0.272
0.566
0.404
0.311
0.450
0.350
0.529
0.458
0.087
0.366
0.570
0.490
0.474
0.491
0.260
0.447
0.328
0.268
0.564
0.518
0.294
0.536
0.355
0.223
0.432
0.561
0.490
0.552
0.319
0.559
0.455
0.401
0.540
0.287
0.433
0.860
0.261
0.451
0.262
0.699
0.680
0.508
0.494
0.387
0.757
0.431
0.518
0.466
0.292
0.574
0.582
0.354
0.680
0.172
0.419
0.644
0.565
0.281
0.491
0.388
0.718
0.455
0.789
0.088
0.707
0.467
0.233
0.708
0.333
0.500
0.335
0.323
0.412
0.776
0.343
0.430
0.395
0.547
0.609
0.399
0.712
0.263
0.587
0.439
0.453
0.444
0.336
0.543
0.229
0.621
0.475
0.335
0.497
0.379
0.608
0.544
0.243
0.401
0.379
0.599
0.620
0.240
0.379
0.369
0.484
0.550
0.562
0.572
0.370
0.312
0.498
0.489
0.476
0.407
0.370
0.655
0.561
0.526
0.454
0.333
0.367
0.165
0.477
0.283
0.421
0.541
0.328
0.439
0.307
0.603
0.316
0.461
0.450
0.487
0.349
0.411
0.346
0.544
0.345
0.367
0.439
0.523
0.314
0.522
0.488
0.491
0.340
0.329
0.487
0.310
0.413
0.467
0.450
0.259
0.345
0.471
0.609
0.567
0.238
0.773
0.591
0.363
0.426
0.247
0.497
0.643
0.213
0.482
0.309
0.631
0.445
0.269
0.638
0.356
0.409
0.341
0.407
0.570
0.177
0.346
0.516
0.611
0.477
0.374
0.786
0.548
0.376
0.452
0.436
0.577
0.706
0.448
0.414
0.520
0.456
0.421
0.467
0.446
0.353
0.383
0.607
0.413
0.420
0.302
0.547
0.483
0.493
0.680
0.320
0.419
0.322
0.340
0.287
0.396
0.622
0.342
0.291
0.556
0.480
0.723
0.473
0.473
0.639
0.285
0.346
0.662
0.518
0.398
0.451
0.582
0.576
0.334
0.385
0.522
0.428
0.470
0.334
0.446
0.638
0.249
0.532
0.122
0.417
0.277
0.541
0.694
0.138
0.434
0.316
0.320
0.332
0.487
0.330
0.462
0.257
0.417
0.523
0.449
0.375
0.687
0.404
0.362
0.361
0.495
0.593
0.419
0.351
0.362
0.267
0.569
0.330
0.431
0.500
0.603
0.394
0.329
0.283
0.545
0.542
0.619
0.607
0.576
0.377
0.509
0.324
0.760
0.506
0.491
0.485
0.426
0.656
0.364
0.620
0.327
0.466
0.552
0.251
0.151
0.335
0.431
0.541
0.383
0.510
0.348
0.391
0.496
0.285
0.513
0.502
0.480
0.399
0.473
0.566
0.452
0.360
0.341
0.442
0.517
0.331
0.341
0.193
0.222
0.577
0.587
0.254
0.455
0.374
0.488
0.385
0.366
0.447
0.655
0.295
0.350
0.360
0.430
0.417
0.541
0.367
0.367
0.678
0.404
0.625
0.519
0.618
0.477
0.483
0.341
0.419
0.362
0.530
0.360
0.522
0.411
0.333
0.183
0.307
0.496
0.345
0.398
0.471
0.610
0.399
0.533
0.362
0.437
0.411
0.418
0.645
0.608
0.282
0.400
0.331
0.374
0.367
0.539
0.542
0.501
0.483
0.401
0.343
0.548
0.218
0.656
0.355
0.641
0.449
0.270
0.356
0.455
0.358
0.321
0.066
0.506
0.625
0.346
0.612
0.160
0.319
0.336
0.578
0.694
0.195
0.264
0.382
0.296
0.423
0.358
0.435
0.557
0.788
0.479
0.463
0.405
0.341
0.401
0.416
0.254
0.655
0.593
0.482
0.544
0.086
0.499
0.572
0.462
0.437
0.594
0.386
0.628
0.533
0.359
0.376
0.397
0.466
0.505
0.580
0.476
0.597
0.428
0.434
0.378
0.527
0.638
0.461
0.424
0.416
0.351
0.503
0.399
0.485
0.669
0.536
0.504
0.540
0.377
0.552
0.377
0.483
0.326
0.433
0.540
0.450
0.405
0.456
0.296
0.300
0.523
0.462
0.352
0.255
0.418
0.420
0.335
0.478
0.456
0.576
0.708
0.578
0.349
0.346
0.440
0.407
0.331
0.546
0.525
0.499
0.435
0.362
0.314
0.541
0.471
0.270
0.430
0.616
0.499
0.563
0.760
0.486
0.570
0.475
0.509
0.441
0.531
0.359
0.484
0.467
0.374
0.156
0.388
0.272
0.338
0.640
0.324
0.374
0.649
0.563
0.398
0.492
0.477
0.417
0.340
0.205
0.338
0.682
0.647
0.557
0.392
0.194
0.564
0.622
0.472
0.487
0.373
0.682
0.522
0.535
0.399
0.450
0.530
0.591
0.569
0.463
0.369
0.313
0.442
0.263
0.587
0.301
0.446
0.592
0.300
0.280
0.466
0.556
0.406
0.290
0.485
0.506
0.483
0.318
0.303
0.399
0.563
0.589
0.374
0.373
0.636
0.692
0.794
0.485
0.576
0.449
0.448
0.233
0.605
0.240
0.396
0.498
0.383
0.385
0.437
0.524
0.577
0.280
0.413
0.435
0.725
0.490
0.296
0.493
0.550
0.667
0.538
0.525
0.428
0.628
0.607
0.398
0.311
0.266
0.296
0.517
0.338
0.437
0.398
0.622
0.432
0.529
0.419
0.793
0.474
0.213
0.375
0.320
0.382
0.441
0.226
0.312
0.463
0.634
0.748
0.636
0.334
0.348
0.433
0.317
0.577
0.518
0.389
0.515
0.352
0.524
0.277
0.343
0.463
0.539
0.263
0.425
0.303
0.490
0.551
0.469
0.439
0.570
0.291
0.481
0.395
0.524
0.821
0.447
0.543
0.451
0.587
0.326
0.311
0.473
0.295
0.270
0.239
0.422
0.649
0.520
0.380
0.334
0.453
0.552
0.480
0.444
0.577
0.542
0.457
0.470
0.302
0.515
0.560
0.482
0.506
0.551
0.505
0.490
0.525
0.373
0.332
0.366
0.699
0.681
0.703
0.633
0.643
0.486
0.380
0.427
0.571
0.589
0.448
0.587
0.418
0.256
0.550
0.289
0.231
0.306
0.365
0.416
0.208
0.380
0.481
0.415
0.310
0.373
0.306
0.407
0.285
0.494
0.291
0.669
0.799
0.456
0.357
0.058
0.472
0.522
0.227
0.483
0.528
0.529
0.560
0.410
0.286
0.336
0.349
0.445
0.112
0.439
0.388
0.640
0.574
0.428
0.493
0.413
0.363
0.472
0.515
0.459
0.516
0.518
0.422
0.508
0.407
0.530
0.596
0.520
0.372
0.587
0.546
0.200
0.433
0.428
0.715
0.378
0.307
0.403
0.605
0.424
0.492
0.541
0.501
0.462
0.425
0.390
0.424
0.467
0.235
0.367
0.692
0.404
0.315
0.524
0.571
0.630
0.635
0.472
0.350
0.615
0.364
0.182
0.481
0.530
0.409
0.459
0.310
0.500
0.587
0.482
0.591
0.352
0.487
0.338
0.422
0.469
0.476
0.648
0.346
0.352
0.393
0.405
0.458
0.224
0.451
0.646
0.514
0.324
0.326
0.495
0.367
0.497
0.386
0.604
0.587
0.471
0.158
0.545
0.567
0.351
0.511
0.391
0.624
0.315
0.368
0.493
0.386
0.521
0.402
0.386
0.374
0.498
0.567
0.694
0.332
0.382
0.340
0.440
0.504
0.378
0.522
0.297
0.519
0.412
0.344
0.446
0.387
0.587
0.554
0.329
0.587
0.660
0.347
0.418
0.289
0.592
0.598
0.546
0.445
0.223
0.458
0.298
0.479
0.411
0.154
0.446
0.399
0.391
0.611
0.406
0.636
0.509
0.579
0.415
0.346
0.820
0.293
0.270
0.409
0.409
0.377
0.334
0.272
0.473
0.514
0.618
0.492
0.360
0.395
0.435
0.542
0.588
0.406
0.474
0.292
0.342
0.320
0.414
0.560
0.355
0.467
0.561
0.149
0.411
0.471
0.411
0.523
0.510
0.563
0.377
0.514
0.638
0.287
0.382
0.415
0.418
0.556
0.309
0.309
0.485
0.617
0.463
0.422
0.419
0.534
0.345
0.362
0.363
0.482
0.604
0.456
0.487
0.507
0.424
0.653
0.414
0.402
0.364
0.407
0.417
0.335
0.442
0.242
0.562
0.361
0.459
0.589
0.641
0.416
0.705
0.532
0.625
0.284
0.408
0.460
0.368
0.494
0.538
0.415
0.370
0.278
0.378
0.264
0.470
0.234
0.318
0.244
0.335
0.462
0.456
0.423
0.345
0.498
0.523
0.515
0.205
0.597
0.463
0.647
0.507
0.335
0.406
0.460
0.691
0.696
0.251
0.500
0.531
0.394
0.571
0.399
0.397
0.330
0.298
0.261
0.209
0.389
0.594
0.355
0.453
0.270
0.299
0.694
0.296
0.454
0.455
0.520
0.328
0.414
0.546
0.622
0.565
0.296
0.292
0.715
0.448
0.381
0.446
0.235
0.404
0.278
0.552
0.518
0.418
0.177
0.323
0.539
0.359
0.412
0.315
0.491
0.519
0.453
0.338
0.388
0.495
0.287
0.469
0.254
0.468
0.401
0.565
0.367
0.494
0.608
0.461
0.358
0.560
0.609
0.422
0.569
0.336
0.396
0.503
0.190
0.690
0.544
0.599
0.632
0.329
0.528
0.353
0.664
0.600
0.731
0.547
0.665
0.407
0.475
0.493
0.302
0.293
0.371
0.413
0.347
0.409
0.203
0.287
0.339
0.648
0.278
0.325
0.447
0.552
0.463
0.446
0.616
0.330
0.327
0.385
0.636
0.660
0.628
0.617
0.349
0.482
0.592
0.748
0.508
0.603
0.505
0.310
0.725
0.238
0.518
0.507
0.652
0.564
0.468
0.525
0.348
0.375
0.303
0.270
0.590
0.450
0.590
0.243
0.494
0.587
0.246
0.358
0.370
0.305
0.336
0.426
0.479
0.490
0.296
0.647
0.565
0.315
0.462
0.365
0.203
0.545
0.350
0.461
0.377
0.331
0.510
0.312
0.479
0.472
0.508
0.366
0.445
0.589
0.626
0.417
0.532
0.258
0.334
0.371
0.524
0.500
0.293
0.386
0.287
0.288
0.418
0.258
0.176
0.596
0.447
0.561
0.510
0.472
0.563
0.236
0.486
0.436
0.486
0.629
0.541
0.456
0.404
0.335
0.649
0.493
0.392
0.382
0.955
0.416
0.378
0.265
0.412
0.735
0.463
0.272
0.261
0.200
0.351
0.559
0.595
0.342
0.414
0.746
0.562
0.550
0.380
0.427
0.312
0.425
0.498
0.542
0.156
0.521
0.409
0.253
0.778
0.304
0.423
0.438
0.505
0.484
0.314
0.602
0.433
0.490
0.548
0.191
0.371
0.561
0.387
0.310
0.345
0.644
0.798
0.349
0.648
0.630
0.392
0.419
0.424
0.445
0.355
0.366
0.391
0.535
0.228
0.438
0.350
0.268
0.146
0.599
0.612
0.489
0.364
0.441
0.627
0.400
0.360
0.647
0.420
0.386
0.339
0.291
0.666
0.557
0.599
0.327
0.399
0.542
0.101
0.495
0.567
0.564
0.602
0.150
0.393
0.677
0.627
0.700
0.241
0.677
0.342
0.600
0.414
0.132
0.326
0.543
0.795
0.418
0.322
0.562
0.478
0.329
0.394
0.487
0.581
0.570
0.651
0.356
0.376
0.489
0.505
0.402
0.514
0.272
0.356
0.473
0.556
0.489
0.566
0.617
0.703
0.393
0.528
0.596
0.412
0.728
0.531
0.311
0.399
0.614
0.548
0.296
0.466
0.451
0.340
0.776
0.422
0.648
0.340
0.401
0.358
0.383
0.706
0.539
0.291
0.407
0.348
0.397
0.338
0.449
0.749
0.435
0.561
0.524
0.421
0.421
0.341
0.580
0.411
0.465
0.415
0.307
0.513
0.423
0.438
0.329
0.573
0.528
0.275
0.387
0.635
0.369
0.537
0.404
0.340
0.346
0.285
0.499
0.638
0.566
0.287
0.438
0.694
0.593
0.350
0.445
0.228
0.256
0.436
0.272
0.508
0.635
0.700
0.546
0.400
0.344
0.269
0.302
0.340
0.606
0.558
0.487
0.703
0.367
0.416
0.362
0.142
0.571
0.675
0.267
0.475
0.181
0.689
0.689
0.627
0.449
0.311
0.321
0.301
0.308
0.346
0.358
0.380
0.338
0.514
0.505
0.290
0.318
0.585
0.633
0.302
0.168
0.334
0.367
0.251
0.484
0.322
0.345
0.554
0.468
0.673
0.355
0.389
0.415
0.455
0.474
0.319
0.610
0.527
0.500
0.339
0.317
0.576
0.518
0.376
0.567
0.284
0.561
0.453
0.794
0.535
0.380
0.265
0.284
0.822
0.208
0.345
0.471
0.332
0.420
0.324
0.328
0.444
0.487
0.351
0.484
0.551
0.310
0.276
0.326
0.699
0.464
0.328
0.248
0.344
0.599
0.457
0.530
0.515
0.302
0.386
0.411
0.479
0.314
0.247
0.660
0.428
0.384
0.422
0.470
0.203
0.149
0.693
0.551
0.333
0.397
0.357
0.434
0.460
0.413
0.499
0.231
0.431
0.600
0.434
0.325
0.470
0.738
0.609
0.186
0.420
0.250
0.327
0.545
0.502
0.406
0.422
0.533
0.769
0.640
0.349
0.335
0.599
0.414
0.722
0.343
0.239
0.438
0.351
0.414
0.626
0.644
0.572
0.470
0.301
0.320
0.571
0.655
0.530
0.506
0.500
0.362
0.545
0.605
0.592
0.544
0.305
0.355
0.460
0.375
0.371
0.373
0.458
0.623
0.269
0.382
0.429
0.345
0.509
0.231
0.389
0.350
0.654
0.587
0.575
0.279
0.338
0.411
0.478
0.608
0.586
0.476
0.658
0.547
0.202
0.239
0.370
0.523
0.442
0.580
0.398
0.359
0.169
0.306
0.441
0.633
0.401
0.673
0.547
0.568
0.537
0.592
0.613
0.438
0.332
0.393
0.248
0.445
0.411
0.397
0.330
0.515
0.603
0.395
0.108
0.395
0.479
0.411
0.545
0.247
0.437
0.372
0.316
0.260
0.368
0.367
0.412
0.367
0.433
0.249
0.507
0.465
0.580
0.554
0.175
0.402
0.347
0.448
0.500
0.484
0.315
0.412
0.629
0.535
0.214
0.532
0.329
0.371
0.601
0.523
0.474
0.552
0.398
0.490
0.439
0.583
0.564
0.603
0.567
0.151
0.420
0.540
0.380
0.487
0.171
0.431
0.554
0.427
0.317
0.689
0.411
0.491
0.625
0.456
0.412
0.328
0.344
0.125
0.337
0.274
0.390
0.656
0.682
0.543
0.437
0.475
0.639
0.318
0.529
0.438
0.411
0.430
0.465
0.222
0.305
0.378
0.507
0.651
0.545
0.468
0.381
0.444
0.429
0.368
0.369
0.385
0.210
0.411
0.548
0.183
0.186
0.626
0.442
0.281
0.350
0.393
0.615
0.604
0.408
0.362
0.271
0.375
0.360
0.374
0.234
0.516
0.435
0.371
0.601
0.342
0.347
0.703
0.514
0.683
0.317
0.459
0.396
0.592
0.312
0.122
0.359
0.376
0.583
0.186
0.424
0.554
0.459
0.605
0.494
0.446
0.467
0.521
0.620
0.548
0.202
0.420
0.604
0.311
0.497
0.599
0.491
0.445
0.307
0.609
0.145
0.429
0.540
0.529
0.475
0.345
0.588
0.292
0.315
0.249
0.393
0.632
0.472
0.577
0.479
0.297
0.491
0.630
0.326
0.232
0.201
0.539
0.310
0.479
0.270
0.454
0.508
0.425
0.483
0.547
0.405
0.540
0.796
0.271
0.254
0.419
0.764
0.686
0.335
0.358
0.449
0.472
0.349
0.426
0.776
0.322
0.469
0.363
0.338
0.689
0.256
0.378
0.412
0.270
0.642
0.455
0.638
0.661
0.358
0.227
0.479
0.341
0.356
0.338
0.533
0.670
0.601
0.644
0.484
0.327
0.489
0.427
0.348
0.422
0.596
0.569
0.426
0.261
0.342
0.510
0.416
0.600
0.477
0.556
0.360
0.396
0.222
0.359
0.454
0.692
0.543
0.321
0.215
0.346
0.648
0.586
0.379
0.511
0.727
0.503
0.547
0.495
0.308
0.444
0.116
0.485
0.787
0.370
0.372
0.299
0.196
0.418
0.436
0.274
0.260
0.397
0.625
0.456
0.416
0.575
0.594
0.590
0.395
0.635
0.709
0.382
0.330
0.411
0.576
0.540
0.266
0.581
0.271
0.505
0.610
0.424
0.408
0.471
0.509
0.603
0.365
0.128
0.557
0.411
0.571
0.545
0.332
0.491
0.722
0.548
0.468
0.537
0.546
0.488
0.250
0.419
0.201
0.458
0.366
0.557
0.550
0.418
0.733
0.681
0.523
0.517
0.361
0.517
0.491
0.611
0.540
0.184
0.547
0.598
0.523
0.600
0.515
0.654
0.212
0.543
0.610
0.480
0.570
0.454
0.600
0.445
0.519
0.577
0.282
0.615
0.567
0.573
0.576
0.664
0.605
0.483
0.294
0.599
0.372
0.375
0.638
0.382
0.528
0.336
0.399
0.382
0.493
0.573
0.261
0.597
0.390
0.483
0.446
0.628
0.752
0.242
0.229
0.327
0.358
0.176
0.747
0.469
0.375
0.381
0.474
0.499
0.593
0.450
0.576
0.644
0.617
0.472
0.844
0.582
0.527
0.552
0.583
0.572
0.353
0.365
0.362
0.480
0.690
0.599
0.586
0.525
0.560
0.554
0.609
0.602
0.182
0.545
0.276
0.575
0.344
0.138
0.539
0.299
0.317
0.449
0.289
0.379
0.329
0.501
0.475
0.585
0.567
0.531
0.618
0.643
0.227
0.325
0.421
0.631
0.622
0.428
0.485
0.470
0.584
0.536
0.260
0.369
0.599
0.693
0.409
0.396
0.546
0.423
0.477
0.563
0.235
0.569
0.507
0.415
0.385
0.307
0.369
0.392
0.522
0.439
0.267
0.489
0.479
0.492
0.423
0.329
0.620
0.434
0.424
0.603
0.552
0.255
0.546
0.372
0.619
0.300
0.530
0.261
0.593
0.471
0.517
0.477
0.363
0.553
0.292
0.188
0.586
0.349
0.343
0.462
0.244
0.501
0.305
0.383
0.607
0.457
0.631
0.280
0.725
0.531
0.346
0.342
0.032
0.371
0.543
0.447
0.400
0.293
0.502
0.631
0.691
0.603
0.189
0.583
0.648
0.513
0.485
0.284
0.476
0.562
0.302
0.697
0.480
0.448
0.527
0.596
0.476
0.320
0.562
0.627
0.442
0.369
0.242
0.425
0.447
0.537
0.510
0.334
0.411
0.196
0.632
0.383
0.337
0.528
0.492
0.538
0.379
0.626
0.626
0.130
0.522
0.397
0.374
0.381
0.374
0.433
0.409
0.555
0.686
0.328
0.550
0.503
0.295
0.376
0.465
0.318
0.359
0.377
0.649
0.553
0.795
0.338
0.339
0.434
0.307
0.249
0.452
0.490
0.426
0.392
0.462
0.412
0.656
0.545
0.493
0.494
0.403
0.330
0.245
0.306
0.397
0.415
0.582
0.706
0.533
0.620
0.433
0.426
0.380
0.205
0.430
0.290
0.478
0.400
0.400
0.573
0.475
0.571
0.629
0.411
0.436
0.291
0.459
0.390
0.510
0.693
0.443
0.522
0.451
0.386
0.694
0.310
0.439
0.627
0.370
0.798
0.529
0.346
0.447
0.398
0.205
0.456
0.313
0.178
0.502
0.601
0.402
0.541
0.309
0.495
0.386
0.225
0.209
0.732
0.644
0.662
0.270
0.319
0.340
0.388
0.737
0.564
0.326
0.406
0.612
0.463
0.410
0.330
0.346
0.621
0.541
0.398
0.592
0.428
0.524
0.506
0.298
0.370
0.442
0.328
0.670
0.499
0.145
0.328
0.364
0.653
0.223
0.692
0.326
0.309
0.571
0.298
0.364
0.289
0.627
0.614
0.241
0.231
0.459
0.591
0.510
0.358
0.342
0.586
0.579
0.395
0.829
0.147
0.331
0.535
0.246
0.611
0.593
0.561
0.637
0.338
0.374
0.475
0.540
0.488
0.326
0.710
0.727
0.456
0.592
0.501
0.384
0.487
0.075
0.490
0.442
0.217
0.692
0.604
0.650
0.515
0.422
0.401
0.445
0.472
0.378
0.634
0.656
0.528
0.267
0.548
0.395
0.525
0.572
0.464
0.256
0.455
0.480
0.286
0.454
0.404
0.425
0.651
0.599
0.512
0.314
0.748
0.453
0.194
0.708
0.362
0.341
0.504
0.600
0.553
0.530
0.490
0.278
0.439
0.459
0.480
0.394
0.285
0.489
0.293
0.479
0.237
0.310
0.308
0.462
0.557
0.310
0.630
0.701
0.493
0.204
0.424
0.483
0.564
0.489
0.636
0.659
0.296
0.390
0.203
0.521
0.625
0.578
0.516
0.559
0.335
0.476
0.416
0.555
0.619
0.355
0.330
0.192
0.500
0.606
0.441
0.445
0.390
0.716
0.132
0.387
0.662
0.714
0.684
0.403
0.594
0.395
0.389
0.659
0.344
0.671
0.584
0.361
0.563
0.597
0.367
0.624
0.603
0.373
0.640
0.379
0.686
0.366
0.470
0.510
0.425
0.540
0.540
0.488
0.662
0.501
0.282
0.401
0.609
0.333
0.810
0.255
0.336
0.430
0.376
0.582
0.623
0.366
0.679
0.296
0.623
0.455
0.642
0.559
0.348
0.372
0.505
0.219
0.325
0.496
0.454
0.508
0.506
0.467
0.497
0.510
0.667
0.278
0.375
0.669
0.472
0.280
0.447
0.492
0.428
0.541
0.250
0.522
0.654
0.507
0.455
0.562
0.394
0.604
0.329
0.453
0.351
0.823
0.497
0.376
0.375
0.523
0.408
0.642
0.502
0.441
0.521
0.590
0.341
0.190
0.166
0.618
0.555
0.451
0.272
0.309
0.171
0.375
0.426
0.406
0.359
0.394
0.464
0.438
0.250
0.341
0.435
0.382
0.386
0.342
0.377
0.646
0.491
0.461
0.454
0.586
0.530
0.542
0.199
0.403
0.227
0.440
0.412
0.556
0.689
0.223
0.405
0.519
0.401
0.590
0.264
0.448
0.635
0.446
0.335
0.350
0.698
0.484
0.555
0.317
0.196
0.326
0.589
0.344
0.393
0.638
0.725
0.310
0.416
0.519
0.337
0.625
0.377
0.402
0.487
0.412
0.338
0.569
0.540
0.400
0.252
0.368
0.552
0.612
0.610
0.694
0.590
0.779
0.320
0.334
0.424
0.537
0.381
0.523
0.546
0.635
0.469
0.418
0.355
0.405
0.258
0.222
0.283
0.554
0.316
0.354
0.260
0.326
0.451
0.590
0.455
0.312
0.153
0.708
0.742
0.461
0.519
0.316
0.506
0.201
0.384
0.561
0.486
0.587
0.441
0.628
0.386
0.213
0.465
0.559
0.434
0.548
0.408
0.659
0.671
0.438
0.271
0.374
0.170
0.221
0.506
0.452
0.538
0.366
0.334
0.426
0.621
0.527
0.621
0.576
0.446
0.653
0.646
0.532
0.549
0.610
0.390
0.473
0.508
0.326
0.398
0.638
0.269
0.524
0.258
0.356
0.457
0.546
0.537
0.582
0.690
0.113
0.551
0.834
0.444
0.535
0.216
0.500
0.463
0.232
0.393
0.413
0.838
0.669
0.575
0.521
0.245
0.732
0.553
0.441
0.182
0.534
0.551
0.445
0.485
0.730
0.549
0.503
0.639
0.345
0.611
0.504
0.770
0.566
0.658
0.614
0.534
0.157
0.634
0.211
0.509
0.546
0.736
0.682
0.505
0.434
0.153
0.392
0.607
0.425
0.392
0.328
0.787
0.439
0.348
0.340
0.448
0.576
0.563
0.361
0.436
0.553
0.566
0.255
0.332
0.392
0.162
0.351
0.448
0.698
0.520
0.207
0.348
0.384
0.485
0.591
0.707
0.364
0.502
0.476
0.523
0.561
0.575
0.500
0.655
0.591
0.311
0.438
0.225
0.394
0.501
0.414
0.353
0.118
0.432
0.289
0.315
0.437
0.605
0.689
0.373
0.458
0.297
0.803
0.570
0.448
0.455
0.326
0.411
0.600
0.457
0.395
0.438
0.540
0.514
0.200
0.309
0.239
0.231
0.657
0.728
0.681
0.364
0.515
0.507
0.702
0.624
0.506
0.427
0.623
0.447
0.591
0.406
0.709
0.533
0.489
0.604
0.532
0.427
0.765
0.349
0.457
0.304
0.484
0.370
0.324
0.406
0.080
0.366
0.379
0.287
0.455
0.420
0.635
0.453
0.701
0.525
0.329
0.639
0.395
0.413
0.304
0.467
0.424
0.442
0.476
0.595
0.483
0.473
0.425
0.577
0.316
0.549
0.294
0.240
0.492
0.413
0.440
0.224
0.407
0.522
0.707
0.245
0.380
0.323
0.391
0.346
0.372
0.286
0.080
0.348
0.540
0.237
0.539
0.417
0.657
0.918
0.519
0.449
0.432
0.489
0.572
0.507
0.780
0.520
0.609
0.778
0.435
0.436
0.432
0.502
0.572
0.446
0.685
0.344
0.394
0.270
0.690
0.426
0.314
0.307
0.275
0.394
0.729
0.501
0.712
0.543
0.618
0.411
0.658
0.366
0.419
0.165
0.427
0.425
0.346
0.073
0.341
0.211
0.450
0.536
0.403
0.655
0.432
0.820
0.898
0.721
0.701
0.524
0.508
0.547
0.677
0.535
0.571
0.470
0.649
0.384
0.888
0.639
0.612
0.739
0.409
0.818
0.337
0.449
0.664
0.556
0.625
0.553
0.449
0.457
0.295
0.572
0.628
0.812
0.445
0.593
0.511
0.781
0.478
0.477
0.384
0.324
0.422
0.555
0.660
0.437
0.529
0.202
0.520
0.233
0.475
0.224
0.380
0.376
0.244
0.432
0.532
0.652
0.365
0.286
0.462
0.586
0.426
0.472
0.635
0.758
0.713
0.402
0.260
0.277
0.484
0.308
0.533
0.453
0.306
0.701
0.591
0.406
0.239
0.335
0.424
0.299
0.382
0.484
0.246
0.291
0.431
0.539
0.518
0.321
0.667
0.850
0.449
0.432
0.178
0.328
0.413
0.510
0.610
0.372
0.330
0.239
0.298
0.317
0.222
0.645
0.477
0.718
0.693
0.302
0.465
0.284
0.551
0.551
0.428
0.340
0.353
0.414
0.331
0.385
0.715
0.578
0.682
0.385
0.279
0.504
0.155
0.432
0.190
0.812
0.384
0.423
0.695
0.638
0.756
0.725
0.224
0.746
0.657
0.636
0.741
0.276
0.288
0.403
0.217
0.355
0.234
0.652
0.374
0.534
0.746
0.485
0.427
0.230
0.195
0.422
0.500
0.835
0.203
0.359
0.536
0.300
0.449
0.496
0.359
0.468
0.697
0.656
0.116
0.492
0.567
0.476
0.382
0.464
0.773
0.500
0.741
0.722
0.628
0.258
0.452
0.688
0.660
0.272
0.314
0.266
0.285
0.346
0.387
0.671
0.686
0.497
0.509
0.550
0.851
0.200
0.455
0.349
0.409
0.181
0.618
0.652
0.783
0.605
0.390
0.266
0.443
0.434
0.504
0.433
0.295
0.545
0.470
0.571
0.817
0.346
0.508
0.407
0.254
0.522
0.686
0.534
0.242
0.310
0.325
0.180
0.566
0.493
0.601
0.544
0.215
0.470
0.381
0.525
0.457
0.235
0.644
0.244
0.385
0.479
0.523
0.723
0.480
0.244
0.482
0.422
0.403
0.182
0.295
0.625
0.194
0.642
0.478
0.265
0.483
0.342
0.419
0.203
0.541
0.237
0.595
0.264
0.221
0.380
0.278
0.326
0.396
0.265
0.457
0.354
0.542
0.766
0.380
0.754
0.615
0.892
0.644
0.693
0.646
0.282
0.474
0.204
0.501
0.357
0.674
0.773
0.602
0.528
0.390
0.530
0.344
0.292
0.255
0.146
0.243
0.444
0.322
0.265
0.440
0.623
0.594
0.335
0.258
0.406
0.281
0.247
0.461
0.384
0.573
0.221
0.163
0.391
0.645
0.299
0.338
0.344
0.284
0.330
0.398
0.403
0.344
0.010
0.332
0.505
0.271
0.671
0.479
0.625
0.731
0.380
0.331
0.543
0.775
0.664
0.365
0.257
0.283
0.385
0.727
0.324
0.247
0.328
0.645
0.673
0.443
0.441
0.724
0.499
0.340
0.234
0.728
0.410
0.404
0.653
0.613
0.575
0.579
0.816
0.252
0.279
0.341
0.295
0.448
0.102
0.308
0.409
0.395
0.360
0.128
0.799
0.715
0.573
0.623
0.420
0.242
0.558
0.049
0.172
0.300
0.322
0.209
0.396
0.351
0.419
0.408
0.382
0.715
0.564
0.155
0.459
0.161
0.394
0.517
0.750
0.696
0.318
0.585
0.695
0.442
0.500
0.123
0.438
0.588
0.606
0.791
0.371
0.265
0.352
0.642
0.908
0.516
0.428
0.118
0.454
0.515
0.270
0.412
0.197
0.637
0.289
0.311
0.531
0.426
0.508
0.627
0.651
0.662
0.569
0.708
0.862
0.634
0.575
0.528
0.491
0.413
0.161
0.257
0.179
0.372
0.543
0.431
0.529
0.641
0.460
0.397
0.481
0.678
0.577
0.259
0.436
0.280
0.608
0.684
0.497
0.138
0.269
0.436
0.562
0.934
0.217
0.335
0.264
0.688
0.740
0.441
0.758
0.229
0.334
0.298
0.171
0.726
0.559
0.604
0.693
0.719
0.396
0.366
0.281
0.325
0.464
0.412
0.231
0.307
0.348
0.663
0.286
0.171
0.408
0.594
0.622
0.537
0.325
0.742
0.516
0.511
0.697
0.451
0.103
0.405
0.721
0.578
0.294
0.386
0.159
0.712
0.333
0.091
0.467
0.509
0.691
0.544
0.150
0.737
0.287
0.333
0.256
0.133
0.649
0.282
0.312
0.434
0.178
0.400
0.214
0.448
0.342
0.459
0.309
0.659
0.656
0.540
0.869
0.661
0.437
0.248
0.552
0.353
0.213
0.255
0.529
0.252
0.654
0.492
0.759
0.655
0.677
0.453
0.229
0.412
0.759
0.611
0.598
0.303
0.318
0.640
0.209
0.464
0.228
0.316
0.862
0.785
0.307
0.116
0.432
0.634
0.938
0.455
0.572
0.880
0.364
0.466
0.386
0.478
0.472
0.517
0.519
0.637
0.386
0.649
0.591
0.750
0.745
0.504
0.468
0.615
0.247
0.213
0.393
0.593
0.629
0.519
0.470
0.293
0.489
0.536
0.284
0.401
0.929
0.321
0.159
0.414
0.636
0.306
0.330
0.654
0.625
0.181
0.289
0.495
0.507
0.212
0.371
0.811
0.585
0.324
0.807
0.142
0.458
0.456
0.563
0.561
0.064
0.425
0.450
0.732
0.593
0.480
0.306
0.530
0.594
0.515
0.815
0.459
0.301
0.207
0.655
0.308
0.383
0.272
0.434
0.440
0.307
0.347
0.509
0.519
0.670
0.218
0.415
0.605
0.598
0.543
0.573
0.247
0.320
0.573
0.315
0.651
0.823
0.266
0.551
0.841
0.699
0.303
0.421
0.497
0.709
0.355
0.748
0.700
0.514
0.409
0.151
0.705
0.750
0.242
0.396
0.571
0.587
0.382
0.448
0.463
0.361
0.349
0.417
0.350
0.512
0.440
0.110
0.348
0.377
0.628
0.682
0.542
0.264
0.293
0.840
0.437
0.713
0.822
0.488
0.187
0.350
0.650
0.123
0.704
0.804
0.388
0.338
0.311
0.668
0.547
0.472
0.469
0.765
0.833
0.300
0.536
0.408
0.120
0.192
0.954
0.744
0.800
0.400
0.388
0.263
0.124
0.237
0.264
0.798
0.519
0.617
0.368
0.492
0.226
0.636
0.654
0.601
0.511
0.561
0.198
0.349
0.280
0.557
0.257
0.461
0.709
0.270
0.298
0.513
0.362
0.582
0.438
0.679
0.672
0.302
0.126
0.225
0.376
0.364
0.479
0.764
0.461
0.369
0.550
0.769
0.378
0.180
0.208
0.553
0.383
0.456
0.575
0.586
0.743
0.305
0.287
0.490
0.641
0.439
0.203
0.603
0.362
0.317
0.828
0.530
0.416
0.611
0.319
0.363
0.210
0.097
0.254
0.407
0.542
0.409
0.512
0.333
0.144
0.311
0.599
0.367
0.509
0.428
0.633
0.493
0.311
0.565
0.382
0.231
0.759
0.654
0.261
0.367
0.328
0.007
0.423
0.295
0.837
0.257
0.149
0.466
0.492
0.709
0.697
0.403
0.310
0.178
0.727
0.651
0.487
0.274
0.500
0.305
0.405
0.775
0.448
0.613
0.554
0.167
0.169
0.280
0.289
0.805
0.460
0.640
0.769
0.264
0.411
0.334
0.138
0.620
0.345
0.323
0.442
0.699
0.321
0.737
0.199
0.246
0.445
0.800
0.582
0.876
0.249
0.624
0.239
0.727
0.565
0.509
0.483
0.654
0.715
0.838
0.270
0.210
0.321
0.613
0.172
0.580
0.399
0.232
0.234
0.448
0.802
0.794
0.164
0.376
0.329
0.400
0.639
0.386
0.151
0.325
0.291
0.590
0.795
0.645
0.122
0.369
0.439
0.136
0.582
0.282
0.639
0.499
0.153
0.563
0.523
0.740
0.656
0.486
0.228
0.032
0.134
0.432
0.225
0.726
0.378
0.304
0.270
0.241
0.647
0.506
0.181
0.326
0.075
0.512
0.550
0.306
0.720
0.207
0.626
0.828
0.636
0.120
0.251
0.592
0.580
0.249
0.268
0.452
0.361
0.360
0.832
0.347
0.852
0.487
0.252
0.301
0.384
0.671
0.782
0.198
0.586
0.136
0.139
0.138
0.259
0.334
0.372
0.568
0.571
0.696
0.599
0.112
0.397
0.456
0.790
0.846
0.364
0.145
0.062
0.190
0.609
0.706
0.244
0.439
0.600
0.202
0.352
0.280
0.137
0.243
0.592
0.529
0.717
0.442
0.522
0.713
0.277
0.638
0.232
0.454
0.198
0.393
0.502
0.253
0.255
0.365
0.536
0.635
0.633
0.428
0.282
0.398
0.354
0.706
0.301
0.434
0.724
0.617
0.736
0.356
0.307
0.366
0.447
0.430
0.335
0.406
0.652
0.557
0.444
0.335
0.367
0.608
0.469
0.766
0.700
0.493
0.232
0.261
0.410
0.618
0.699
0.355
0.528
0.580
0.815
0.481
0.516
0.229
0.486
0.481
0.422
0.403
0.540
0.490
0.164
0.271
0.375
0.422
0.584
0.427
0.522
0.260
0.193
0.572
0.584
0.496
0.439
0.504
0.566
0.570
0.296
0.487
0.303
0.386
0.475
0.512
0.275
0.629
0.972
0.468
0.425
0.478
0.315
0.572
0.428
0.478
0.809
0.389
0.394
0.166
0.178
0.251
0.873
0.717
0.229
0.346
0.332
0.356
0.128
0.697
0.586
0.623
0.315
0.217
0.450
0.572
0.264
0.227
0.134
0.631
0.484
0.441
0.573
0.695
0.735
0.854
0.371
0.403
0.225
0.485
0.590
0.326
0.322
0.470
0.521
0.603
0.485
0.448
0.237
0.267
0.073
0.397
0.549
0.509
0.457
0.641
0.568
0.321
0.265
0.538
0.201
0.289
0.779
0.745
0.152
0.598
0.643
0.660
0.458
0.336
0.455
0.362
0.541
0.639
0.739
0.342
0.408
0.317
0.505
0.617
0.629
0.591
0.721
0.232
0.603
0.576
0.293
0.649
0.320
0.191
0.393
0.495
0.482
0.360
0.214
0.170
0.486
0.374
0.438
0.287
0.460
0.250
0.490
0.769
0.460
0.615
0.251
0.587
0.657
0.720
0.646
0.619
0.757
0.549
0.374
0.458
0.446
0.669
0.394
0.303
0.298
0.415
0.834
0.610
0.456
0.449
0.639
0.669
0.637
0.444
0.729
0.393
0.365
0.637
0.517
0.421
0.469
0.793
0.403
0.464
0.628
0.766
0.702
0.179
0.390
0.780
0.126
0.182
0.190
0.505
0.444
0.679
0.393
0.193
0.735
0.297
0.413
0.399
0.152
0.373
0.213
0.406
0.261
0.566
0.646
0.601
0.864
0.337
0.369
0.751
0.490
0.338
0.515
0.124
0.301
0.350
0.633
0.805
0.318
0.369
0.189
0.565
0.108
0.501
0.694
0.425
0.541
0.199
0.399
0.306
0.572
0.674
0.336
0.333
0.258
0.389
0.343
0.460
0.709
0.585
0.559
0.337
0.212
0.471
0.821
0.162
0.570
0.414
0.136
0.326
0.482
0.415
0.657
0.266
0.245
0.446
0.408
0.301
0.530
0.458
0.563
0.771
0.130
0.463
0.281
0.593
0.914
0.089
0.119
0.455
0.302
0.694
0.691
0.829
0.482
0.485
0.358
0.512
0.834
0.436
0.412
0.436
0.547
0.483
0.844
0.409
0.541
0.559
0.719
0.388
0.146
0.499
0.313
0.261
0.374
0.380
0.355
0.344
0.106
0.545
0.570
0.844
0.570
0.386
0.571
0.344
0.466
0.816
0.567
0.378
0.611
0.685
0.623
0.650
0.590
0.605
0.708
0.364
0.086
0.511
0.432
0.349
0.273
0.545
0.376
0.559
0.698
0.355
0.298
0.376
0.562
0.521
0.711
0.240
0.067
0.072
0.613
0.581
0.214
0.497
0.244
0.520
0.708
0.584
0.820
0.483
0.655
0.397
0.192
0.497
0.379
0.530
0.741
0.191
0.382
0.321
0.607
0.265
0.364
0.309
0.258
0.604
0.963
0.670
0.451
0.209
0.404
0.873
0.423
0.448
0.684
0.821
0.351
0.513
0.679
0.291
0.389
0.714
0.741
0.776
0.706
0.806
0.510
0.405
0.491
0.249
0.517
0.603
0.334
0.321
0.488
0.504
0.438
0.644
0.605
0.316
0.211
0.713
0.294
0.263
0.315
0.107
0.131
0.278
0.473
0.454
0.661
0.461
0.388
0.339
0.630
0.374
0.364
0.375
0.418
0.471
0.720
0.515
0.265
0.075
0.284
0.381
0.607
0.647
0.234
0.234
0.249
0.243
0.554
0.194
0.675
0.538
0.609
0.447
0.145
0.572
0.160
0.727
0.513
0.097
0.389
0.278
0.618
0.218
0.310
0.541
0.383
0.434
0.426
0.430
0.272
0.465
0.509
0.534
0.787
0.364
0.476
0.336
0.764
0.284
0.236
0.296
0.410
0.554
0.622
0.330
0.590
0.640
0.169
0.385
0.577
0.787
0.665
0.249
0.366
0.165
0.445
0.698
0.846
0.600
0.535
0.646
0.360
0.541
0.343
0.561
0.640
0.116
0.724
0.742
0.554
0.527
0.495
0.404
0.232
0.250
0.232
0.170
0.356
0.122
0.370
0.855
0.718
0.600
0.566
0.752
0.249
0.385
0.304
0.692
0.348
0.443
0.368
0.189
0.419
0.704
0.656
0.745
0.747
0.484
0.619
0.437
0.329
0.371
0.304
0.351
0.602
0.467
0.592
0.339
0.800
0.720
0.837
0.559
0.498
0.540
0.478
0.372
0.057
0.457
0.298
0.174
0.362
0.243
0.528
0.317
0.412
0.540
0.411
0.583
0.376
0.216
0.595
0.291
0.389
0.688
0.511
0.620
0.443
0.770
0.793
0.368
0.759
0.351
0.377
0.151
0.586
0.793
0.606
0.324
0.618
0.445
0.674
0.267
0.640
0.337
0.426
0.521
0.659
0.409
0.468
0.634
0.635
0.321
0.427
0.253
0.794
0.313
0.446
0.687
0.551
0.338
0.360
0.775
0.785
0.684
0.457
0.272
0.276
0.214
0.561
0.706
0.506
0.988
0.236
0.222
0.216
0.671
0.368
0.196
0.698
0.721
0.454
0.397
0.650
0.581
0.631
0.580
0.246
0.274
0.663
0.678
0.152
0.147
0.596
0.688
0.284
0.221
0.490
0.614
0.712
0.397
0.615
0.422
0.174
0.721
0.216
0.375
0.852
0.491
0.592
0.369
0.281
0.465
0.280
0.796
0.372
0.289
0.267
0.446
0.488
0.395
0.384
0.187
0.535
0.379
0.289
0.237
0.261
0.338
0.287
0.638
0.295
0.415
0.656
0.398
0.500
0.272
0.273
0.649
0.758
0.350
0.654
0.220
0.261
0.803
0.777
0.344
0.371
0.753
0.493
0.372
0.544
0.479
0.873
0.501
0.554
0.421
0.354
0.304
0.250
0.817
0.406
0.380
0.569
0.464
0.643
0.711
0.531
0.356
0.200
0.287
0.436
0.603
0.568
0.646
0.739
0.806
0.528
0.560
0.397
0.598
0.330
0.517
0.467
0.400
0.415
0.685
0.205
0.679
0.247
0.826
0.503
0.223
0.596
0.782
0.578
0.637
0.350
0.930
0.694
0.593
0.374
0.346
0.762
0.429
0.349
0.313
0.241
0.252
0.332
0.197
0.833
0.758
0.399
0.220
0.085
0.362
0.909
0.497
0.325
0.161
0.474
0.808
0.209
0.429
0.388
0.433
0.618
0.783
0.764
0.556
0.747
0.736
0.575
0.678
0.414
0.370
0.519
0.533
0.256
0.169
0.310
0.134
0.462
0.690
0.308
0.509
0.578
0.766
0.518
0.268
0.350
0.213
0.247
0.390
0.318
0.509
0.632
0.394
0.935
0.399
0.507
0.266
0.810
0.456
0.344
0.691
0.747
0.320
0.186
0.444
0.784
0.568
0.275
0.315
0.788
0.145
0.751
0.614
0.323
0.842
0.450
0.556
0.386
0.510
0.428
0.412
0.341
0.301
0.413
0.271
0.494
0.726
0.434
0.526
0.514
0.236
0.113
0.626
0.364
0.479
0.363
0.357
0.039
0.210
0.474
0.326
0.228
0.442
0.621
0.825
0.464
0.776
0.498
0.295
0.262
0.391
0.600
0.365
0.485
0.577
0.461
0.327
0.622
0.594
0.201
0.517
0.547
0.228
0.691
0.296
0.372
0.298
0.177
0.786
0.064
0.399
0.434
0.344
0.563
0.416
0.696
0.397
0.395
0.267
0.071
0.346
0.763
0.546
0.239
0.133
0.790
0.215
0.430
0.630
0.716
0.630
0.337
0.222
0.751
0.493
0.199
0.580
0.291
0.209
0.211
0.315
0.375
0.621
0.338
0.216
0.280
0.522
0.655
0.734
0.662
0.524
0.165
0.104
0.066
0.687
0.666
0.706
0.171
0.093
0.485
0.231
0.656
0.566
0.737
0.597
0.270
0.341
0.476
0.574
0.593
0.442
0.353
0.652
0.251
0.323
0.251
0.610
0.716
0.640
0.452
0.413
0.374
0.707
0.310
0.471
0.589
0.617
0.262
0.297
0.308
0.947
0.167
0.325
0.257
0.484
0.278
0.414
0.514
0.378
0.222
0.146
0.632
0.184
0.657
0.193
0.559
0.429
0.109
0.309
0.372
0.145
0.120
0.132
0.226
0.323
0.329
0.521
0.366
0.230
0.192
0.644
0.322
0.261
0.180
0.366
0.598
0.131
0.143
0.602
0.739
0.203
0.435
0.140
0.251
0.540
0.550
0.402
0.467
0.354
0.171
0.243
0.490
0.729
0.560
0.109
0.168
0.124
0.705
0.331
0.277
0.178
0.747
0.496
0.681
0.520
0.789
0.293
0.440
0.144
0.356
0.127
0.091
0.712
0.622
0.760
0.944
0.215
0.233
0.050
0.365
0.585
0.359
0.319
0.290
0.754
0.698
0.888
0.755
0.681
0.956
0.867
0.690
0.875
0.359
0.543
0.523
0.452
0.530
0.879
0.548
0.419
0.594
0.698
0.293
0.568
0.731
0.959
0.272
0.505
0.349
0.247
0.373
0.543
0.405
0.331
0.470
0.568
0.250
0.274
0.182
0.434
0.766
0.886
0.353
0.644
0.263
0.232
0.663
0.690
0.514
0.534
0.675
0.649
0.736
0.917
0.684
0.355
0.274
0.334
0.630
0.096
0.617
0.640
0.650
0.193
0.383
0.776
0.697
0.408
0.382
0.624
0.369
0.445
0.647
0.302
0.454
0.445
0.709
0.620
0.451
0.426
0.453
0.672
0.767
0.303
0.643
0.293
0.650
0.633
0.644
0.421
0.324
0.701
0.604
0.336
0.337
0.195
0.496
0.470
0.164
0.768
0.387
0.222
0.376
0.368
0.766
0.944
0.907
0.429
0.633
0.766
0.360
0.840
0.544
0.185
0.730
0.430
0.339
0.577
0.568
0.430
0.348
0.204
0.420
0.802
0.476
0.658
0.336
0.638
0.678
0.645
0.512
0.385
0.467
0.241
0.250
0.144
0.526
0.441
0.261
0.196
0.092
0.860
0.555
0.133
0.227
0.189
0.623
0.451
0.152
0.799
0.780
0.488
0.508
0.333
0.450
0.238
0.329
0.431
0.406
0.200
0.282
0.520
0.376
0.421
0.822
0.784
0.445
0.256
0.768
0.282
0.351
0.494
0.502
0.588
0.343
0.741
0.453
0.847
0.909
0.613
0.200
0.108
0.240
0.272
0.168
0.109
0.203
0.477
0.709
0.464
0.306
0.235
0.459
0.823
0.373
0.334
0.680
0.400
0.805
0.274
0.330
0.355
0.343
0.335
0.526
0.327
0.173
0.825
0.557
0.587
0.807
0.466
0.563
0.513
0.464
0.236
0.680
0.577
0.722
0.548
0.421
0.285
0.452
0.474
0.609
0.497
0.548
0.801
0.578
0.271
0.111
0.271
0.298
0.605
0.697
0.507
0.345
0.356
0.613
0.770
0.648
0.764
0.490
0.690
0.375
0.207
0.198
0.451
0.387
0.767
0.572
0.592
0.257
0.538
0.709
0.315
0.489
0.297
0.756
0.812
0.527
0.435
0.053
0.611
0.197
0.197
0.416
0.565
0.310
0.604
0.897
0.332
0.435
0.342
0.337
0.526
0.440
0.651
0.245
0.423
0.490
0.584
0.501
0.166
0.596
0.177
0.368
0.407
0.975
0.279
0.016
0.841
0.767
0.649
0.523
0.353
0.351
0.519
0.645
0.361
0.859
0.608
0.350
0.597
0.420
0.661
0.441
0.331
0.611
0.784
0.988
0.385
0.340
0.729
0.518
0.262
0.344
0.405
0.885
0.322
0.451
0.436
0.360
0.457
0.057
0.426
0.238
0.284
0.523
0.441
0.539
0.596
0.429
0.663
0.723
0.856
0.171
0.334
0.804
0.623
0.503
0.719
0.826
0.671
0.228
0.811
0.600
0.555
0.327
0.185
0.322
0.523
0.282
0.286
0.431
0.320
0.295
0.687
0.491
0.725
0.372
0.410
0.603
0.571
0.755
0.729
0.339
0.596
0.333
0.330
0.065
0.186
0.476
0.405
0.379
0.656
0.632
0.790
0.419
0.358
0.731
0.485
0.210
0.661
0.772
0.345
0.344
0.627
0.747
0.956
0.199
0.143
0.388
0.131
0.442
0.312
0.535
0.701
0.257
0.758
0.592
0.252
0.470
0.291
0.639
0.590
0.354
0.146
0.200
0.337
0.550
0.431
0.932
0.948
0.547
0.351
0.404
0.819
0.206
0.361
0.250
0.903
0.360
0.590
0.987
0.444
0.349
0.300
0.397
0.504
0.158
0.514
0.558
0.581
0.671
0.534
0.838
0.506
0.481
0.157
0.350
0.238
0.316
0.626
0.677
0.433
0.174
0.523
0.575
0.488
0.608
0.413
0.488
0.508
0.399
0.305
0.314
0.736
0.246
0.322
0.817
0.480
0.342
0.516
0.478
0.000
0.642
0.491
0.753
0.750
0.268
0.285
0.808
0.611
0.219
0.105
0.643
0.558
0.414
0.429
0.672
0.392
0.627
0.848
0.631
0.699
0.309
0.256
0.354
0.298
0.423
0.061
0.307
0.603
0.961
0.556
0.511
0.443
0.270
0.440
0.592
0.189
0.662
0.272
0.345
0.377
0.400
0.507
0.811
0.497
0.132
0.434
0.573
0.157
0.042
0.296
0.347
0.377
0.477
0.763
0.639
0.707
0.225
0.166
0.345
0.477
0.359
0.441
0.323
0.386
0.849
0.784
0.298
0.333
0.679
0.581
0.585
0.233
0.339
0.503
0.293
0.444
0.680
0.309
0.331
0.310
0.835
0.467
0.533
0.393
0.897
0.575
0.580
0.607
0.526
0.410
0.590
0.653
0.133
0.119
0.678
0.520
0.203
0.479
0.523
0.592
0.600
0.517
0.381
0.784
0.473
0.556
0.530
0.376
0.206
0.513
0.219
0.261
0.347
0.388
0.632
0.779
0.311
0.662
0.510
0.689
0.402
0.778
0.405
0.471
0.280
0.555
0.517
0.738
0.686
0.665
0.211
0.527
0.326
0.021
0.528
0.696
0.291
0.328
0.255
0.405
0.312
0.431
0.430
0.471
1.017
0.821
0.304
0.578
0.656
0.823
0.491
0.534
0.897
0.240
0.424
0.495
0.452
0.556
0.448
0.214
0.311
0.458
0.640
0.132
0.345
0.201
0.488
0.813
0.539
0.544
0.315
0.127
0.439
0.634
0.367
0.241
0.502
0.734
0.621
0.308
0.573
0.684
0.728
0.340
0.387
0.266
0.657
0.629
0.615
0.647
0.583
0.254
0.162
0.549
0.630
0.228
0.656
0.248
0.517
0.779
0.389
0.290
0.482
0.539
0.624
0.711
0.749
0.826
0.093
0.103
0.763
0.369
0.416
0.541
0.583
0.843
0.220
0.360
0.494
0.290
0.393
0.559
0.651
0.505
0.138
0.364
0.464
0.626
0.412
0.520
0.464
0.696
0.530
0.476
0.706
0.730
0.750
0.288
0.342
0.363
0.395
0.646
0.282
0.710
0.276
0.473
0.289
0.402
0.279
0.216
0.458
0.472
0.684
0.775
0.797
0.396
0.225
0.498
0.227
0.436
0.072
0.606
0.798
0.406
0.304
0.118
0.193
0.740
0.421
0.340
0.311
0.331
0.713
0.788
0.399
0.378
0.814
0.371
0.278
0.229
0.517
0.791
0.322
0.127
0.467
0.701
0.584
0.160
0.340
0.303
0.308
0.462
0.265
0.297
0.483
0.271
0.602
0.362
0.420
0.580
0.690
0.874
0.800
0.745
0.506
0.299
0.504
0.651
0.322
0.719
0.346
0.198
0.648
0.544
0.634
0.474
0.354
0.778
0.124
0.420
0.619
0.187
0.452
0.344
0.291
0.556
0.790
0.287
0.585
0.336
0.328
0.728
0.561
0.277
0.426
0.509
0.719
0.452
0.318
0.428
0.448
0.358
0.476
0.582
0.400
0.758
0.318
0.651
0.306
0.377
0.711
0.510
0.428
0.574
0.450
0.164
0.289
0.468
0.637
0.669
0.240
0.565
0.274
0.088
0.548
0.405
0.359
0.500
0.395
0.595
0.484
0.313
0.415
0.619
0.399
0.811
0.406
0.509
0.275
0.440
0.209
0.486
0.575
0.474
0.608
0.576
0.180
0.433
0.556
0.427
0.165
0.122
0.571
0.541
0.297
0.594
0.495
0.447
0.423
0.421
0.402
0.519
0.348
0.449
0.563
0.212
0.799
0.416
0.706
0.398
0.489
0.503
0.392
0.404
0.644
0.349
0.469
0.475
0.343
0.747
0.491
0.360
0.878
0.213
0.642
0.560
0.524
0.339
0.556
0.805
0.409
0.483
0.282
0.339
0.450
0.310
0.527
0.497
0.368
0.317
0.445
0.107
0.280
0.480
0.358
0.588
0.260
0.627
0.476
0.534
0.340
0.422
0.430
0.643
0.424
0.404
0.419
0.336
0.549
0.666
0.114
0.530
0.502
0.581
0.535
0.190
0.696
0.274
0.806
0.417
0.251
0.484
0.492
0.521
0.302
0.577
0.421
0.296
0.640
0.516
0.331
0.590
0.528
0.620
0.389
0.522
0.489
0.654
0.396
0.536
0.589
0.623
0.177
0.275
0.258
0.562
0.454
0.296
0.562
0.481
0.534
0.334
0.480
0.526
0.611
0.589
0.418
0.442
0.616
0.603
0.814
0.458
0.296
0.302
0.085
0.829
0.750
0.517
0.658
0.342
0.468
0.635
0.847
0.613
0.269
0.337
0.444
0.350
0.658
0.335
0.434
0.449
0.249
0.499
0.240
0.491
0.448
0.561
0.376
0.204
0.811
0.516
0.800
0.376
0.282
0.499
0.223
0.734
0.454
0.341
0.497
0.398
0.496
0.666
0.499
0.718
0.557
0.246
0.418
0.583
0.537
0.451
0.637
0.882
0.348
0.519
0.498
0.777
0.471
0.318
0.377
0.250
0.755
0.558
0.325
0.636
0.391
0.792
0.792
0.272
0.142
0.522
0.448
0.439
0.466
0.474
0.518
0.570
0.502
0.506
0.262
0.545
0.209
0.854
0.448
0.264
0.547
0.518
0.471
0.245
0.557
0.311
0.542
0.424
0.402
0.245
0.263
0.337
0.702
0.529
0.329
0.599
0.775
0.288
0.686
0.866
0.316
0.526
0.822
0.407
0.706
0.402
0.515
0.423
0.448
0.482
0.436
0.574
0.254
0.698
0.153
0.364
0.310
0.281
0.659
0.228
0.247
0.216
0.701
0.356
0.785
0.254
0.453
0.478
0.484
0.524
0.456
0.671
0.242
0.714
0.493
0.699
0.592
0.282
0.854
0.369
0.216
0.354
0.371
0.496
0.648
0.421
0.452
0.708
0.419
0.648
0.435
0.638
0.815
0.500
0.311
0.580
0.549
0.223
0.687
0.380
0.297
0.514
0.785
0.378
0.380
0.482
0.538
0.335
0.427
0.611
0.301
0.465
0.528
0.355
0.364
0.252
0.719
0.317
0.646
0.639
0.358
0.370
0.717
0.645
0.358
0.751
0.385
0.488
0.902
0.571
0.118
0.749
0.311
0.564
0.358
0.121
0.674
0.372
0.459
0.568
0.330
0.323
0.689

